0.178218
0.148515
0.198020
0.287129
0.168317
0.178218
0.198020
0.287129
0.158416
0.207921
0.148515
0.168317
0.207921
0.207921
0.178218
0.267327
0.227723
0.227723
0.277228
0.207921
0.227723
0.158416
0.178218
0.207921
0.366337
0.148515
0.227723
0.277228
0.198020
0.138614
0.207921
0.198020
0.178218
0.158416
0.247525
0.237624
0.237624
0.168317
0.148515
0.316832
0.227723
0.257426
0.198020
0.227723
0.188119
0.158416
0.158416
0.306931
0.227723
0.217822
0.306931
0.267327
0.217822
0.168317
0.148515
0.188119
0.217822
0.257426
0.247525
0.198020
0.148515
0.217822
0.217822
0.158416
0.247525
0.297030
0.207921
0.188119
0.257426
0.158416
0.217822
0.217822
0.277228
0.217822
0.217822
0.227723
0.217822
0.188119
0.227723
0.237624
0.178218
0.178218
0.267327
0.277228
0.227723
0.188119
0.168317
0.297030
0.287129
0.118812
0.237624
0.217822
0.089109
0.207921
0.178218
0.217822
0.207921
0.128713
0.207921
0.237624
0.316832
0.207921
0.237624
0.198020
0.148515
0.108911
0.188119
0.297030
0.316832
0.247525
0.287129
0.227723
0.207921
0.138614
0.198020
0.207921
0.148515
0.257426
0.297030
0.128713
0.267327
0.207921
0.198020
0.188119
0.188119
0.118812
0.188119
0.237624
0.168317
0.306931
0.198020
0.257426
0.178218
0.188119
0.396040
0.168317
0.178218
0.198020
0.148515
0.267327
0.168317
0.237624
0.207921
0.207921
0.138614
0.297030
0.168317
0.178218
0.247525
0.217822
0.168317
0.178218
0.158416
0.178218
0.257426
0.198020
0.178218
0.207921
0.217822
0.277228
0.217822
0.108911
0.306931
0.148515
0.217822
0.158416
0.237624
0.198020
0.207921
0.188119
0.148515
0.326733
0.257426
0.198020
0.257426
0.188119
0.108911
0.188119
0.247525
0.227723
0.207921
0.188119
0.356436
0.158416
0.217822
0.178218
0.089109
0.267327
0.247525
0.198020
0.267327
0.217822
0.207921
0.207921
0.168317
0.207921
0.158416
0.168317
0.168317
0.178218
