0.287129
0.237624
0.297030
0.277228
0.247525
0.198020
0.247525
0.198020
0.336634
0.306931
0.316832
0.297030
0.198020
0.277228
0.237624
0.277228
0.277228
0.306931
0.277228
0.267327
0.188119
0.247525
0.257426
0.277228
0.306931
0.237624
0.207921
0.237624
0.287129
0.287129
0.336634
0.247525
0.336634
0.336634
0.287129
0.227723
0.267327
0.237624
0.277228
0.316832
0.217822
0.237624
0.207921
0.188119
0.247525
0.267327
0.326733
0.188119
0.188119
0.306931
0.207921
0.237624
0.178218
0.257426
0.306931
0.287129
0.316832
0.247525
0.277228
0.227723
0.326733
0.287129
0.277228
0.336634
0.207921
0.237624
0.277228
0.326733
0.267327
0.247525
0.267327
0.198020
0.257426
0.267327
0.207921
0.257426
0.277228
0.267327
0.227723
0.168317
0.237624
0.128713
0.277228
0.257426
0.237624
0.257426
0.277228
0.257426
0.287129
0.306931
0.227723
0.178218
0.287129
0.207921
0.207921
0.316832
0.277228
0.237624
0.306931
0.326733
0.277228
0.217822
0.287129
0.277228
0.237624
0.277228
0.178218
0.306931
0.306931
0.257426
0.287129
0.297030
0.297030
0.237624
0.257426
0.207921
0.217822
0.237624
0.306931
0.207921
0.207921
0.267327
0.198020
0.217822
0.217822
0.316832
0.306931
0.306931
0.267327
0.297030
0.326733
0.198020
0.306931
0.326733
0.297030
0.247525
0.257426
0.188119
0.287129
0.188119
0.178218
0.287129
0.148515
0.198020
0.297030
0.336634
0.306931
0.287129
0.128713
0.287129
0.267327
0.297030
0.227723
0.188119
0.217822
0.326733
0.247525
0.257426
0.297030
0.188119
0.247525
0.287129
0.316832
0.178218
0.188119
0.207921
0.257426
0.227723
0.287129
0.277228
0.168317
0.217822
0.287129
0.247525
0.297030
0.287129
0.306931
0.237624
0.247525
0.207921
0.207921
0.158416
0.207921
0.297030
0.277228
0.297030
0.287129
0.257426
0.267327
0.237624
0.277228
0.198020
0.217822
0.287129
0.227723
0.297030
0.287129
0.326733
0.207921
0.237624
