0.663366
0.465347
0.188119
0.425743
0.267327
0.267327
0.198020
0.277228
0.188119
0.227723
0.148515
0.415842
0.247525
0.237624
0.435644
0.257426
0.277228
0.465347
0.306931
0.277228
0.465347
0.108911
0.247525
0.574257
0.366337
0.168317
0.257426
0.257426
0.227723
0.455446
0.168317
0.227723
0.178218
0.158416
0.237624
0.257426
0.306931
0.217822
0.148515
0.346535
0.306931
0.237624
0.227723
0.257426
0.158416
0.198020
0.118812
0.287129
0.207921
0.207921
0.257426
0.257426
0.475248
0.207921
0.148515
0.198020
0.188119
0.237624
0.663366
0.237624
0.217822
0.207921
0.217822
0.168317
0.376238
0.306931
0.227723
0.207921
0.237624
0.198020
0.217822
0.207921
0.297030
0.316832
0.207921
0.544554
0.267327
0.198020
0.217822
0.247525
0.158416
0.148515
0.316832
0.287129
0.257426
0.188119
0.188119
0.504950
0.316832
0.148515
0.267327
0.247525
0.089109
0.485149
0.198020
0.247525
0.198020
0.198020
0.198020
0.158416
0.336634
0.237624
0.277228
0.227723
0.227723
0.108911
0.198020
0.198020
0.316832
0.287129
0.297030
0.257426
0.237624
0.178218
0.178218
0.277228
0.257426
0.277228
0.306931
0.108911
0.326733
0.207921
0.465347
0.247525
0.217822
0.168317
0.178218
0.227723
0.188119
0.287129
0.168317
0.277228
0.247525
0.356436
0.425743
0.227723
0.257426
0.247525
0.188119
0.277228
0.277228
0.227723
0.207921
0.237624
0.158416
0.485149
0.178218
0.178218
0.277228
0.227723
0.198020
0.633663
0.247525
0.207921
0.277228
0.207921
0.227723
0.405941
0.237624
0.267327
0.227723
0.178218
0.306931
0.188119
0.247525
0.277228
0.287129
0.188119
0.306931
0.188119
0.217822
0.297030
0.277228
0.198020
0.217822
0.138614
0.168317
0.207921
0.257426
0.237624
0.306931
0.227723
0.336634
0.168317
0.217822
0.158416
0.475248
0.257426
0.227723
0.237624
0.237624
0.237624
0.425743
0.217822
0.168317
0.207921
0.158416
0.148515
0.237624
0.217822
