0.336634
0.336634
0.336634
0.336634
0.336634
0.336634
0.336634
0.336634
0.336634
0.336634
0.336634
0.336634
0.336634
0.336634
0.336634
0.336634
0.336634
0.336634
0.336634
0.336634
0.336634
0.336634
0.336634
0.336634
0.336634
0.336634
0.336634
0.336634
0.336634
0.336634
0.336634
0.336634
0.336634
0.336634
0.336634
0.306931
0.336634
0.336634
0.336634
0.336634
0.336634
0.336634
0.336634
0.336634
0.336634
0.336634
0.336634
0.336634
0.336634
0.336634
0.336634
0.336634
0.336634
0.336634
0.336634
0.336634
0.336634
0.336634
0.336634
0.336634
0.336634
0.336634
0.336634
0.336634
0.336634
0.336634
0.336634
0.336634
0.336634
0.336634
0.336634
0.336634
0.336634
0.336634
0.336634
0.336634
0.336634
0.336634
0.336634
0.336634
0.346535
0.336634
0.455446
0.336634
0.336634
0.336634
0.336634
0.336634
0.336634
0.336634
0.336634
0.336634
0.336634
0.336634
0.336634
0.336634
0.336634
0.336634
0.336634
0.336634
0.336634
0.336634
0.336634
0.336634
0.336634
0.336634
0.336634
0.336634
0.336634
0.336634
0.336634
0.336634
0.336634
0.336634
0.336634
0.405941
0.336634
0.336634
0.336634
0.336634
0.336634
0.336634
0.336634
0.336634
0.336634
0.336634
0.336634
0.336634
0.336634
0.336634
0.336634
0.336634
0.336634
0.336634
0.336634
0.336634
0.336634
0.336634
0.336634
0.336634
0.336634
0.336634
0.336634
0.336634
0.336634
0.336634
0.336634
0.336634
0.336634
0.336634
0.336634
0.336634
0.287129
0.336634
0.336634
0.336634
0.336634
0.336634
0.336634
0.336634
0.336634
0.336634
0.336634
0.336634
0.336634
0.336634
0.336634
0.336634
0.336634
0.336634
0.336634
0.336634
0.336634
0.336634
0.336634
0.336634
0.346535
0.336634
0.336634
0.336634
0.336634
0.336634
0.207921
0.336634
0.336634
0.336634
0.336634
0.336634
0.336634
0.336634
0.336634
0.336634
0.336634
0.336634
0.336634
0.336634
0.336634
0.336634
0.336634
0.336634
