0.188119
0.108911
0.158416
0.297030
0.128713
0.178218
0.198020
0.207921
0.148515
0.188119
0.158416
0.217822
0.168317
0.178218
0.188119
0.247525
0.267327
0.198020
0.227723
0.178218
0.217822
0.118812
0.178218
0.188119
0.287129
0.138614
0.158416
0.207921
0.188119
0.168317
0.158416
0.128713
0.158416
0.148515
0.217822
0.198020
0.198020
0.138614
0.148515
0.247525
0.158416
0.168317
0.198020
0.158416
0.178218
0.108911
0.118812
0.158416
0.108911
0.207921
0.168317
0.198020
0.178218
0.198020
0.138614
0.158416
0.247525
0.207921
0.217822
0.148515
0.108911
0.207921
0.188119
0.128713
0.198020
0.227723
0.178218
0.207921
0.217822
0.148515
0.158416
0.168317
0.237624
0.148515
0.158416
0.178218
0.178218
0.148515
0.207921
0.198020
0.128713
0.099010
0.207921
0.257426
0.188119
0.178218
0.178218
0.247525
0.227723
0.138614
0.188119
0.138614
0.089109
0.178218
0.148515
0.198020
0.188119
0.128713
0.198020
0.118812
0.198020
0.168317
0.178218
0.198020
0.128713
0.099010
0.148515
0.198020
0.287129
0.227723
0.297030
0.217822
0.207921
0.099010
0.217822
0.128713
0.118812
0.217822
0.237624
0.128713
0.237624
0.148515
0.138614
0.207921
0.128713
0.049505
0.168317
0.207921
0.158416
0.267327
0.138614
0.158416
0.148515
0.168317
0.198020
0.148515
0.148515
0.099010
0.148515
0.247525
0.158416
0.237624
0.178218
0.128713
0.118812
0.247525
0.118812
0.178218
0.178218
0.178218
0.138614
0.168317
0.079208
0.138614
0.237624
0.188119
0.207921
0.188119
0.207921
0.188119
0.198020
0.138614
0.277228
0.118812
0.188119
0.118812
0.247525
0.158416
0.138614
0.128713
0.128713
0.198020
0.227723
0.188119
0.207921
0.158416
0.138614
0.158416
0.168317
0.217822
0.188119
0.089109
0.207921
0.138614
0.168317
0.188119
0.138614
0.267327
0.188119
0.158416
0.247525
0.207921
0.178218
0.178218
0.148515
0.128713
0.188119
0.128713
0.148515
0.168317
