0.158416
0.158416
0.168317
0.356436
0.188119
0.178218
0.188119
0.405941
0.148515
0.237624
0.089109
0.227723
0.188119
0.207921
0.267327
0.237624
0.227723
0.267327
0.207921
0.247525
0.257426
0.158416
0.198020
0.178218
0.277228
0.158416
0.227723
0.277228
0.297030
0.158416
0.178218
0.158416
0.207921
0.207921
0.217822
0.188119
0.247525
0.099010
0.168317
0.198020
0.148515
0.227723
0.207921
0.198020
0.198020
0.178218
0.277228
0.217822
0.128713
0.237624
0.227723
0.247525
0.168317
0.287129
0.188119
0.316832
0.297030
0.247525
0.247525
0.168317
0.227723
0.247525
0.188119
0.207921
0.267327
0.297030
0.188119
0.217822
0.247525
0.217822
0.178218
0.178218
0.198020
0.198020
0.188119
0.207921
0.207921
0.168317
0.217822
0.198020
0.168317
0.188119
0.237624
0.326733
0.198020
0.188119
0.207921
0.227723
0.178218
0.118812
0.257426
0.178218
0.198020
0.188119
0.207921
0.207921
0.227723
0.148515
0.297030
0.227723
0.188119
0.188119
0.178218
0.336634
0.267327
0.168317
0.198020
0.287129
0.227723
0.267327
0.207921
0.227723
0.188119
0.138614
0.237624
0.148515
0.128713
0.297030
0.178218
0.188119
0.198020
0.158416
0.217822
0.237624
0.237624
0.158416
0.188119
0.217822
0.267327
0.267327
0.227723
0.178218
0.227723
0.237624
0.287129
0.178218
0.118812
0.148515
0.178218
0.306931
0.158416
0.277228
0.277228
0.158416
0.188119
0.277228
0.247525
0.148515
0.247525
0.207921
0.188119
0.198020
0.158416
0.108911
0.247525
0.217822
0.257426
0.237624
0.297030
0.207921
0.207921
0.178218
0.306931
0.237624
0.237624
0.257426
0.287129
0.257426
0.138614
0.198020
0.108911
0.316832
0.277228
0.168317
0.198020
0.217822
0.178218
0.217822
0.257426
0.267327
0.237624
0.148515
0.207921
0.188119
0.267327
0.257426
0.178218
0.247525
0.217822
0.158416
0.316832
0.277228
0.227723
0.198020
0.217822
0.237624
0.227723
0.207921
0.198020
0.148515
