0.178218
0.178218
0.128713
0.366337
0.207921
0.198020
0.138614
0.386139
0.188119
0.257426
0.128713
0.277228
0.198020
0.217822
0.277228
0.247525
0.267327
0.287129
0.198020
0.257426
0.287129
0.148515
0.217822
0.198020
0.336634
0.198020
0.207921
0.297030
0.297030
0.138614
0.247525
0.168317
0.217822
0.237624
0.188119
0.217822
0.287129
0.118812
0.207921
0.247525
0.168317
0.257426
0.247525
0.217822
0.227723
0.188119
0.267327
0.257426
0.138614
0.257426
0.267327
0.287129
0.168317
0.287129
0.178218
0.386139
0.326733
0.257426
0.247525
0.217822
0.227723
0.247525
0.247525
0.217822
0.287129
0.326733
0.188119
0.198020
0.237624
0.257426
0.217822
0.217822
0.257426
0.217822
0.198020
0.237624
0.277228
0.198020
0.247525
0.237624
0.168317
0.188119
0.257426
0.376238
0.207921
0.267327
0.217822
0.267327
0.188119
0.138614
0.346535
0.178218
0.178218
0.217822
0.227723
0.237624
0.257426
0.178218
0.306931
0.257426
0.207921
0.217822
0.237624
0.316832
0.306931
0.168317
0.227723
0.297030
0.267327
0.287129
0.237624
0.287129
0.277228
0.188119
0.217822
0.148515
0.138614
0.316832
0.237624
0.168317
0.247525
0.178218
0.247525
0.257426
0.267327
0.237624
0.247525
0.207921
0.257426
0.257426
0.316832
0.257426
0.257426
0.316832
0.277228
0.198020
0.138614
0.148515
0.188119
0.257426
0.237624
0.297030
0.287129
0.188119
0.198020
0.306931
0.257426
0.198020
0.336634
0.277228
0.178218
0.237624
0.158416
0.128713
0.287129
0.217822
0.257426
0.267327
0.297030
0.237624
0.227723
0.158416
0.336634
0.247525
0.237624
0.287129
0.316832
0.287129
0.188119
0.306931
0.128713
0.346535
0.277228
0.188119
0.247525
0.247525
0.168317
0.198020
0.247525
0.257426
0.217822
0.148515
0.207921
0.168317
0.247525
0.316832
0.207921
0.316832
0.227723
0.178218
0.316832
0.297030
0.306931
0.227723
0.178218
0.257426
0.277228
0.227723
0.188119
0.178218
