0.035714
0.029762
0.029762
0.047619
0.053571
0.035714
0.035714
0.071429
0.071429
0.047619
0.041667
0.017857
0.041667
0.059524
0.053571
0.065476
0.029762
0.047619
0.083333
0.035714
0.017857
0.035714
0.047619
0.029762
0.077381
0.047619
0.041667
0.077381
0.041667
0.053571
0.029762
0.029762
0.047619
0.047619
0.029762
0.053571
0.047619
0.059524
0.041667
0.035714
0.041667
0.017857
0.023810
0.023810
0.035714
0.047619
0.035714
0.023810
0.059524
0.041667
0.041667
0.047619
0.047619
0.029762
0.035714
0.047619
0.047619
0.053571
0.071429
0.041667
0.041667
0.059524
0.023810
0.035714
0.041667
0.035714
0.065476
0.029762
0.035714
0.041667
0.095238
0.041667
0.047619
0.053571
0.035714
0.023810
0.047619
0.059524
0.029762
0.047619
0.053571
0.065476
0.071429
0.029762
0.041667
0.035714
0.035714
0.023810
0.071429
0.029762
0.041667
0.035714
0.029762
0.041667
0.041667
0.053571
0.053571
0.065476
0.047619
0.029762
0.023810
0.035714
0.041667
0.041667
0.023810
0.035714
0.023810
0.041667
0.053571
0.041667
0.071429
0.047619
0.029762
0.041667
0.029762
0.059524
0.083333
0.041667
0.059524
0.047619
0.047619
0.071429
0.065476
0.065476
0.035714
0.029762
0.041667
0.136905
0.047619
0.065476
0.023810
0.053571
0.059524
0.029762
0.035714
0.047619
0.071429
0.047619
0.047619
0.071429
0.083333
0.047619
0.059524
0.029762
0.029762
0.071429
0.059524
0.053571
0.029762
0.047619
0.047619
0.017857
0.047619
0.029762
0.059524
0.017857
0.059524
0.059524
0.059524
0.071429
0.053571
0.017857
0.035714
0.041667
0.029762
0.065476
0.047619
0.041667
0.029762
0.065476
0.017857
0.035714
0.035714
0.017857
0.059524
0.035714
0.059524
0.041667
0.041667
0.029762
0.065476
0.071429
0.113095
0.029762
0.089286
0.017857
0.029762
0.023810
0.077381
0.029762
0.011905
0.041667
0.047619
0.047619
0.047619
0.035714
0.035714
0.041667
0.053571
0.035714
