0.398810
0.386905
0.011905
0.107143
0.029762
0.023810
0.023810
0.005952
0.041667
0.041667
0.053571
0.541667
0.023810
0.023810
0.279762
0.005952
0.029762
0.404762
0.035714
0.023810
0.202381
0.041667
0.005952
0.369048
0.053571
0.065476
0.047619
0.053571
0.035714
0.297619
0.011905
0.011905
0.029762
0.023810
0.684524
0.023810
0.011905
0.035714
0.011905
0.011905
0.047619
0.011905
0.029762
0.011905
0.017857
0.053571
0.416667
0.005952
0.029762
0.023810
0.035714
0.035714
0.327381
0.023810
0.023810
0.023810
0.029762
0.035714
0.047619
0.029762
0.029762
0.041667
0.011905
0.035714
0.029762
0.023810
0.053571
0.017857
0.398810
0.386905
0.083333
0.029762
0.011905
0.035714
0.089286
0.035714
0.047619
0.017857
0.041667
0.011905
0.071429
0.452381
0.047619
0.005952
0.017857
0.011905
0.017857
0.089286
0.035714
0.017857
0.017857
0.023810
0.023810
0.220238
0.029762
0.017857
0.017857
0.053571
0.017857
0.023810
0.041667
0.023810
0.041667
0.011905
0.500000
0.023810
0.023810
0.035714
0.029762
0.029762
0.059524
0.029762
0.023810
0.029762
0.011905
0.017857
0.541667
0.023810
0.029762
0.029762
0.065476
0.023810
0.821429
0.053571
0.011905
0.041667
0.029762
0.065476
0.023810
0.035714
0.035714
0.023810
0.404762
0.041667
0.023810
0.017857
0.047619
0.023810
0.029762
0.023810
0.023810
0.059524
0.029762
0.041667
0.029762
0.410714
0.071429
0.059524
0.017857
0.023810
0.041667
0.202381
0.035714
0.000000
0.041667
0.017857
0.035714
0.273810
0.023810
0.023810
0.023810
0.011905
0.535714
0.035714
0.011905
0.041667
0.041667
0.047619
0.035714
0.047619
0.017857
0.023810
0.023810
0.023810
0.404762
0.023810
0.029762
0.017857
0.011905
0.017857
0.297619
0.035714
0.059524
0.029762
0.017857
0.041667
0.339286
0.017857
0.035714
0.017857
0.011905
0.029762
0.035714
0.035714
0.029762
0.035714
0.035714
0.017857
0.029762
0.041667
