0.398810
0.398810
0.410714
0.398810
0.059524
0.053571
0.398810
0.029762
0.601190
0.488095
0.398810
0.601190
0.035714
0.059524
0.083333
0.089286
0.077381
0.404762
0.077381
0.053571
0.041667
0.065476
0.398810
0.101190
0.398810
0.398810
0.398810
0.404762
0.601190
0.065476
0.035714
0.023810
0.089286
0.125000
0.077381
0.095238
0.059524
0.886905
0.041667
0.065476
0.345238
0.601190
0.083333
0.505952
0.398810
0.398810
0.053571
0.071429
0.107143
0.053571
0.083333
0.494048
0.065476
0.398810
0.059524
0.095238
0.041667
0.077381
0.059524
0.398810
0.398810
0.827381
0.553571
0.065476
0.398810
0.083333
0.119048
0.053571
0.398810
0.071429
0.065476
0.119048
0.029762
0.494048
0.589286
0.089286
0.053571
0.398810
0.398810
0.363095
0.398810
0.071429
0.059524
0.113095
0.398810
0.071429
0.089286
0.553571
0.041667
0.035714
0.327381
0.053571
0.666667
0.065476
0.398810
0.398810
0.398810
0.398810
0.083333
0.065476
0.071429
0.065476
0.857143
0.398810
0.833333
0.065476
0.053571
0.619048
0.053571
0.880952
0.089286
0.398810
0.589286
0.101190
0.613095
0.398810
0.119048
0.071429
0.053571
0.071429
0.119048
0.077381
0.880952
0.071429
0.392857
0.398810
0.053571
0.101190
0.398810
0.940476
0.398810
0.398810
0.535714
0.107143
0.107143
0.077381
0.059524
0.077381
0.398810
0.077381
0.071429
0.107143
0.071429
0.083333
0.398810
0.101190
0.803571
0.577381
0.398810
0.875000
0.398810
0.601190
0.922619
0.041667
0.089286
0.815476
0.071429
0.047619
0.089286
0.035714
0.059524
0.047619
0.047619
0.398810
0.047619
0.398810
0.065476
0.083333
0.398810
0.398810
0.047619
0.053571
0.107143
0.041667
0.059524
0.029762
0.035714
0.041667
0.398810
0.083333
0.845238
0.095238
0.077381
0.613095
0.428571
0.339286
0.398810
0.398810
0.053571
0.065476
0.071429
0.107143
0.398810
0.077381
0.202381
0.130952
0.398810
0.119048
0.065476
0.398810
