0.041667
0.017857
0.029762
0.059524
0.053571
0.017857
0.047619
0.011905
0.065476
0.041667
0.035714
0.041667
0.035714
0.017857
0.017857
0.011905
0.005952
0.035714
0.029762
0.023810
0.023810
0.029762
0.029762
0.041667
0.047619
0.041667
0.035714
0.035714
0.035714
0.035714
0.011905
0.011905
0.023810
0.029762
0.029762
0.047619
0.011905
0.029762
0.005952
0.017857
0.029762
0.017857
0.035714
0.011905
0.023810
0.053571
0.017857
0.011905
0.029762
0.023810
0.053571
0.041667
0.053571
0.047619
0.023810
0.023810
0.023810
0.023810
0.053571
0.023810
0.017857
0.029762
0.011905
0.041667
0.035714
0.047619
0.041667
0.023810
0.029762
0.035714
0.029762
0.035714
0.017857
0.029762
0.065476
0.017857
0.029762
0.029762
0.023810
0.017857
0.035714
0.047619
0.047619
0.029762
0.017857
0.017857
0.029762
0.023810
0.035714
0.023810
0.023810
0.017857
0.023810
0.041667
0.035714
0.029762
0.011905
0.065476
0.029762
0.023810
0.029762
0.035714
0.035714
0.017857
0.029762
0.035714
0.011905
0.041667
0.059524
0.017857
0.071429
0.029762
0.017857
0.035714
0.041667
0.023810
0.023810
0.029762
0.041667
0.041667
0.071429
0.023810
0.047619
0.065476
0.023810
0.035714
0.029762
0.059524
0.029762
0.041667
0.035714
0.017857
0.053571
0.041667
0.017857
0.041667
0.029762
0.023810
0.041667
0.053571
0.035714
0.047619
0.041667
0.035714
0.029762
0.035714
0.047619
0.059524
0.017857
0.011905
0.047619
0.017857
0.041667
0.005952
0.041667
0.011905
0.041667
0.053571
0.023810
0.029762
0.035714
0.011905
0.011905
0.017857
0.023810
0.035714
0.017857
0.047619
0.035714
0.029762
0.023810
0.017857
0.035714
0.023810
0.011905
0.029762
0.035714
0.023810
0.000000
0.017857
0.071429
0.041667
0.059524
0.023810
0.041667
0.023810
0.035714
0.017857
0.041667
0.011905
0.011905
0.017857
0.005952
0.041667
0.017857
0.053571
0.053571
0.017857
0.035714
0.023810
