0.185567
0.185567
0.195876
0.154639
0.092784
0.185567
0.103093
0.144330
0.144330
0.175258
0.113402
0.144330
0.123711
0.175258
0.164948
0.092784
0.164948
0.154639
0.082474
0.134021
0.164948
0.154639
0.206186
0.185567
0.103093
0.103093
0.144330
0.113402
0.185567
0.206186
0.103093
0.164948
0.154639
0.164948
0.206186
0.072165
0.103093
0.206186
0.154639
0.237113
0.144330
0.082474
0.195876
0.144330
0.103093
0.144330
0.164948
0.144330
0.226804
0.134021
0.144330
0.175258
0.082474
0.185567
0.123711
0.113402
0.103093
0.144330
0.123711
0.103093
0.082474
0.164948
0.144330
0.154639
0.123711
0.154639
0.154639
0.134021
0.226804
0.113402
0.164948
0.134021
0.164948
0.185567
0.144330
0.072165
0.123711
0.154639
0.154639
0.103093
0.051546
0.144330
0.113402
0.103093
0.061856
0.123711
0.164948
0.164948
0.195876
0.134021
0.082474
0.226804
0.082474
0.092784
0.123711
0.134021
0.113402
0.061856
0.144330
0.164948
0.061856
0.113402
0.103093
0.164948
0.175258
0.185567
0.092784
0.113402
0.144330
0.134021
0.175258
0.144330
0.123711
0.164948
0.185567
0.154639
0.154639
0.175258
0.082474
0.134021
0.154639
0.154639
0.154639
0.103093
0.113402
0.082474
0.144330
0.082474
0.154639
0.164948
0.144330
0.123711
0.123711
0.123711
0.134021
0.144330
0.154639
0.134021
0.154639
0.134021
0.144330
0.185567
0.123711
0.154639
0.082474
0.082474
0.123711
0.144330
0.051546
0.144330
0.092784
0.123711
0.113402
0.123711
0.195876
0.123711
0.164948
0.113402
0.103093
0.175258
0.195876
0.092784
0.123711
0.164948
0.061856
0.154639
0.061856
0.113402
0.092784
0.134021
0.154639
0.226804
0.103093
0.154639
0.164948
0.226804
0.154639
0.175258
0.082474
0.164948
0.072165
0.082474
0.103093
0.164948
0.123711
0.185567
0.154639
0.113402
0.154639
0.144330
0.092784
0.134021
0.134021
0.113402
0.103093
0.103093
0.123711
0.206186
0.123711
0.113402
0.092784
0.175258
0.113402
0.195876
0.144330
0.082474
0.123711
0.092784
0.123711
0.164948
0.092784
0.134021
0.103093
0.092784
0.113402
0.144330
0.154639
0.175258
0.082474
0.164948
0.134021
0.092784
0.072165
0.082474
0.175258
0.123711
0.154639
0.154639
0.206186
0.082474
0.082474
0.164948
0.185567
0.123711
0.185567
0.113402
0.113402
0.164948
0.164948
0.175258
0.113402
0.144330
0.154639
0.144330
0.092784
0.123711
0.123711
0.113402
0.103093
0.113402
0.154639
0.123711
0.185567
0.134021
0.144330
0.154639
0.154639
0.113402
0.092784
0.226804
0.103093
0.123711
0.092784
0.123711
0.144330
0.164948
0.154639
0.154639
0.123711
0.103093
0.164948
0.154639
0.123711
0.144330
0.247423
0.185567
0.216495
0.154639
0.092784
0.123711
0.082474
0.103093
0.195876
0.113402
0.103093
0.164948
0.103093
0.175258
0.123711
0.092784
0.134021
0.154639
0.123711
0.185567
0.134021
0.123711
0.123711
0.134021
0.072165
0.113402
