0.145299
0.247863
0.188034
0.119658
0.247863
0.179487
0.247863
0.205128
0.136752
0.153846
0.136752
0.145299
0.170940
0.230769
0.136752
0.094017
0.170940
0.179487
0.145299
0.094017
0.094017
0.145299
0.170940
0.153846
0.170940
0.179487
0.162393
0.136752
0.145299
0.188034
0.145299
0.213675
0.170940
0.290598
0.256410
0.179487
0.111111
0.153846
0.188034
0.230769
0.145299
0.094017
0.179487
0.196581
0.136752
0.136752
0.213675
0.145299
0.136752
0.230769
0.230769
0.170940
0.094017
0.188034
0.136752
0.153846
0.153846
0.179487
0.196581
0.128205
0.179487
0.196581
0.205128
0.179487
0.111111
0.111111
0.196581
0.145299
0.205128
0.153846
0.256410
0.170940
0.111111
0.179487
0.145299
0.119658
0.162393
0.136752
0.222222
0.162393
0.188034
0.179487
0.128205
0.179487
0.128205
0.153846
0.153846
0.119658
0.188034
0.162393
0.111111
0.205128
0.162393
0.153846
0.222222
0.162393
0.145299
0.111111
0.230769
0.170940
0.188034
0.145299
0.145299
0.222222
0.230769
0.179487
0.136752
0.136752
0.162393
0.239316
0.128205
0.162393
0.119658
0.179487
0.196581
0.153846
0.188034
0.153846
0.136752
0.179487
0.205128
0.222222
0.102564
0.145299
0.102564
0.128205
0.102564
0.222222
0.230769
0.153846
0.145299
0.162393
0.153846
0.188034
0.162393
0.179487
0.196581
0.188034
0.119658
0.222222
0.188034
0.136752
0.273504
0.196581
0.162393
0.128205
0.239316
0.085470
0.205128
0.170940
0.282051
0.230769
0.162393
0.162393
0.170940
0.213675
0.213675
0.094017
0.205128
0.188034
0.145299
0.179487
0.153846
0.213675
0.119658
0.256410
0.196581
0.213675
0.170940
0.282051
0.162393
0.145299
0.170940
0.128205
0.111111
0.153846
0.042735
0.128205
0.162393
0.128205
0.111111
0.162393
0.205128
0.145299
0.136752
0.188034
0.188034
0.153846
0.068376
0.162393
0.230769
0.162393
0.153846
0.256410
0.222222
0.153846
0.188034
0.188034
0.222222
0.205128
0.136752
0.179487
0.162393
0.230769
0.136752
0.119658
0.145299
0.170940
0.111111
0.128205
0.188034
0.094017
0.188034
0.145299
0.290598
0.230769
0.196581
0.153846
0.128205
0.145299
0.153846
0.145299
0.085470
0.128205
0.162393
0.128205
0.153846
0.136752
0.153846
0.213675
0.205128
0.102564
0.145299
0.136752
0.162393
0.119658
0.170940
0.153846
0.119658
0.136752
0.162393
0.196581
0.188034
0.179487
0.205128
0.213675
0.128205
0.094017
0.153846
0.179487
0.102564
0.179487
0.136752
0.222222
0.256410
0.136752
0.179487
0.162393
0.213675
0.222222
0.136752
0.196581
0.136752
0.102564
0.205128
0.145299
0.162393
0.119658
0.153846
0.145299
0.136752
0.170940
0.119658
0.136752
0.145299
0.136752
0.170940
0.188034
0.102564
0.179487
0.111111
0.145299
0.136752
0.188034
0.145299
0.128205
0.162393
0.128205
0.205128
0.136752
0.153846
0.102564
0.205128
0.170940
0.213675
0.162393
0.162393
0.239316
0.102564
0.128205
