0.432432
0.486486
0.189189
0.486486
0.270270
0.486486
0.486486
0.378378
0.324324
0.324324
0.486486
0.486486
0.513514
0.270270
0.486486
0.486486
0.486486
0.378378
0.297297
0.243243
0.486486
0.486486
0.486486
0.486486
0.486486
0.486486
0.486486
0.486486
0.486486
0.486486
0.486486
0.486486
0.486486
0.486486
0.486486
0.486486
0.486486
0.486486
0.324324
0.486486
0.486486
0.486486
0.486486
0.486486
0.297297
0.486486
0.486486
0.243243
0.486486
0.243243
0.459459
0.486486
0.486486
0.486486
0.378378
0.486486
0.486486
0.486486
0.297297
0.486486
0.486486
0.297297
0.486486
0.486486
0.486486
0.216216
0.378378
0.513514
0.270270
0.486486
0.486486
0.486486
0.378378
0.162162
0.486486
0.378378
0.189189
0.486486
0.486486
0.486486
0.243243
0.324324
0.486486
0.486486
0.486486
0.486486
0.486486
0.378378
0.486486
0.486486
0.486486
0.486486
0.486486
0.486486
0.486486
0.459459
0.486486
0.486486
0.486486
0.486486
0.432432
0.486486
0.486486
0.189189
0.486486
0.216216
0.162162
0.486486
0.486486
0.324324
0.486486
0.432432
0.297297
0.486486
0.459459
0.486486
0.486486
0.486486
0.486486
0.270270
0.486486
0.486486
0.621622
0.486486
0.486486
0.486486
0.486486
0.486486
0.567568
0.486486
0.324324
0.216216
0.486486
0.486486
0.486486
0.216216
0.243243
0.297297
0.486486
0.486486
0.216216
0.243243
0.486486
0.243243
0.486486
0.486486
0.486486
0.297297
0.486486
0.540541
0.486486
0.486486
0.486486
0.486486
0.486486
0.378378
0.432432
0.486486
0.486486
0.486486
0.324324
0.486486
0.486486
0.486486
0.378378
0.486486
0.162162
0.486486
0.486486
0.486486
0.405405
0.486486
0.486486
0.594595
0.486486
0.486486
0.378378
0.270270
0.567568
0.486486
0.216216
0.486486
0.486486
0.486486
0.324324
0.486486
0.486486
0.486486
0.486486
0.486486
0.486486
0.486486
0.486486
0.270270
0.378378
0.243243
0.486486
0.486486
0.486486
0.297297
0.486486
0.486486
0.486486
0.486486
0.486486
0.243243
0.189189
0.486486
0.243243
0.486486
0.486486
0.486486
0.486486
0.486486
0.486486
0.378378
0.486486
0.351351
0.486486
0.486486
0.486486
0.486486
0.486486
0.324324
0.405405
0.162162
0.324324
0.216216
0.216216
0.486486
0.486486
0.486486
0.486486
0.486486
0.513514
0.162162
0.432432
0.486486
0.297297
0.486486
0.486486
0.486486
0.486486
0.378378
0.486486
0.621622
0.486486
0.540541
0.486486
0.351351
0.567568
0.486486
0.405405
0.486486
0.486486
0.486486
0.486486
0.486486
0.324324
0.486486
0.243243
0.486486
0.486486
0.189189
0.324324
0.486486
0.351351
0.486486
0.486486
0.189189
0.486486
0.378378
0.486486
0.486486
0.486486
0.486486
0.486486
0.243243
0.486486
0.405405
0.324324
0.486486
0.486486
0.486486
0.486486
0.486486
0.486486
0.432432
0.486486
0.486486
0.486486
0.486486
0.432432
0.486486
0.486486
0.351351
0.486486
0.486486
0.486486
0.486486
