0.012987
0.038961
0.064935
0.012987
0.090909
0.064935
0.025974
0.025974
0.025974
0.051948
0.090909
0.090909
0.038961
0.077922
0.064935
0.038961
0.064935
0.077922
0.025974
0.038961
0.051948
0.025974
0.064935
0.038961
0.012987
0.064935
0.116883
0.064935
0.051948
0.051948
0.051948
0.064935
0.090909
0.051948
0.077922
0.051948
0.090909
0.090909
0.051948
0.064935
0.103896
0.077922
0.064935
0.376623
0.077922
0.025974
0.064935
0.090909
0.025974
0.077922
0.064935
0.064935
0.051948
0.025974
0.077922
0.103896
0.051948
0.077922
0.051948
0.259740
0.025974
0.051948
0.025974
0.051948
0.051948
0.051948
0.025974
0.038961
0.038961
0.077922
0.025974
0.038961
0.077922
0.064935
0.038961
0.038961
0.077922
0.038961
0.025974
0.025974
0.051948
0.012987
0.051948
0.038961
0.116883
0.103896
0.038961
0.142857
0.077922
0.038961
0.051948
0.129870
0.090909
0.142857
0.025974
0.090909
0.025974
0.077922
0.064935
0.051948
0.038961
0.051948
0.038961
0.051948
0.103896
0.077922
0.012987
0.064935
0.051948
0.103896
0.064935
0.038961
0.064935
0.025974
0.025974
0.051948
0.051948
0.038961
0.038961
0.519481
0.038961
0.064935
0.012987
0.064935
0.064935
0.038961
0.064935
0.077922
0.025974
0.038961
0.311688
0.051948
0.025974
0.051948
0.025974
0.025974
0.064935
0.064935
0.025974
0.064935
0.038961
0.207792
0.051948
0.103896
0.051948
0.038961
0.025974
0.038961
0.064935
0.181818
0.129870
0.051948
0.337662
0.025974
0.077922
0.051948
0.064935
0.051948
0.077922
0.025974
0.038961
0.090909
0.051948
0.025974
0.051948
0.051948
0.038961
0.000000
0.051948
0.038961
0.025974
0.103896
0.064935
0.051948
0.142857
0.051948
0.012987
0.051948
0.064935
0.025974
0.064935
0.051948
0.051948
0.025974
0.181818
0.077922
0.025974
0.064935
0.038961
0.051948
0.532468
0.064935
0.025974
0.090909
0.064935
0.077922
0.038961
0.025974
0.025974
0.090909
0.038961
0.142857
0.025974
0.051948
0.038961
0.025974
0.090909
0.064935
0.051948
0.025974
0.051948
0.025974
0.181818
0.077922
0.064935
0.051948
0.038961
0.051948
0.038961
0.064935
0.025974
0.051948
0.038961
0.038961
0.064935
0.077922
0.012987
0.051948
0.025974
0.038961
0.064935
0.012987
0.168831
0.038961
0.051948
0.025974
0.064935
0.090909
0.038961
0.025974
0.064935
0.051948
0.051948
0.077922
0.090909
0.064935
0.090909
0.038961
0.064935
0.038961
0.038961
0.103896
0.038961
0.051948
0.038961
0.025974
0.103896
0.051948
0.025974
0.025974
0.038961
0.064935
0.038961
0.012987
0.012987
0.077922
0.064935
0.064935
0.077922
0.038961
0.129870
0.025974
0.025974
0.077922
0.051948
0.038961
0.051948
0.038961
0.025974
0.025974
0.012987
0.012987
0.064935
0.051948
0.038961
0.051948
0.038961
0.103896
0.012987
0.064935
0.038961
0.038961
0.051948
0.077922
0.025974
0.000000
0.038961
0.038961
0.025974
0.064935
