0.168831
0.116883
0.116883
0.155844
0.168831
0.090909
0.233766
0.129870
0.129870
0.129870
0.129870
0.181818
0.259740
0.142857
0.129870
0.220779
0.155844
0.155844
0.129870
0.181818
0.207792
0.129870
0.155844
0.181818
0.233766
0.168831
0.168831
0.155844
0.129870
0.142857
0.142857
0.233766
0.142857
0.142857
0.168831
0.259740
0.207792
0.090909
0.103896
0.181818
0.233766
0.142857
0.168831
0.142857
0.142857
0.220779
0.103896
0.285714
0.168831
0.155844
0.155844
0.116883
0.207792
0.207792
0.259740
0.155844
0.116883
0.207792
0.207792
0.129870
0.194805
0.116883
0.155844
0.129870
0.181818
0.090909
0.155844
0.194805
0.142857
0.194805
0.220779
0.194805
0.129870
0.207792
0.142857
0.168831
0.194805
0.155844
0.142857
0.116883
0.168831
0.168831
0.142857
0.168831
0.207792
0.129870
0.168831
0.129870
0.220779
0.220779
0.129870
0.129870
0.194805
0.116883
0.194805
0.129870
0.220779
0.168831
0.246753
0.181818
0.129870
0.129870
0.233766
0.207792
0.155844
0.116883
0.103896
0.220779
0.168831
0.194805
0.207792
0.103896
0.129870
0.077922
0.142857
0.207792
0.181818
0.220779
0.233766
0.168831
0.181818
0.168831
0.194805
0.129870
0.220779
0.155844
0.207792
0.155844
0.194805
0.090909
0.181818
0.155844
0.285714
0.168831
0.116883
0.142857
0.168831
0.103896
0.233766
0.103896
0.103896
0.103896
0.155844
0.194805
0.168831
0.103896
0.194805
0.129870
0.129870
0.142857
0.168831
0.194805
0.181818
0.207792
0.194805
0.220779
0.090909
0.116883
0.168831
0.220779
0.181818
0.220779
0.155844
0.103896
0.181818
0.207792
0.168831
0.181818
0.233766
0.168831
0.155844
0.155844
0.142857
0.129870
0.181818
0.168831
0.168831
0.168831
0.155844
0.194805
0.181818
0.311688
0.129870
0.142857
0.142857
0.142857
0.181818
0.194805
0.142857
0.129870
0.168831
0.181818
0.142857
0.155844
0.181818
0.194805
0.116883
0.155844
0.116883
0.181818
0.155844
0.129870
0.233766
0.116883
0.220779
0.155844
0.233766
0.129870
0.168831
0.142857
0.181818
0.220779
0.233766
0.129870
0.207792
0.142857
0.116883
0.129870
0.116883
0.168831
0.181818
0.194805
0.220779
0.142857
0.233766
0.142857
0.129870
0.142857
0.142857
0.103896
0.155844
0.129870
0.181818
0.168831
0.207792
0.103896
0.168831
0.155844
0.168831
0.233766
0.220779
0.142857
0.207792
0.194805
0.168831
0.194805
0.181818
0.155844
0.142857
0.194805
0.142857
0.194805
0.142857
0.116883
0.129870
0.129870
0.155844
0.181818
0.129870
0.129870
0.129870
0.077922
0.155844
0.142857
0.155844
0.142857
0.103896
0.155844
0.168831
0.233766
0.246753
0.142857
0.168831
0.181818
0.168831
0.116883
0.129870
0.233766
0.077922
0.155844
0.129870
0.129870
0.090909
0.194805
0.168831
0.168831
0.181818
0.129870
0.168831
0.285714
0.220779
0.168831
0.168831
0.246753
0.207792
0.181818
0.142857
0.194805
0.155844
0.142857
