0.480519
0.116883
0.493506
0.519481
0.168831
0.454545
0.207792
0.129870
0.779221
0.168831
0.441558
0.181818
0.519481
0.142857
0.207792
0.727273
0.194805
0.688312
0.181818
0.480519
0.519481
0.311688
0.142857
0.181818
0.220779
0.402597
0.467532
0.363636
0.519481
0.740260
0.168831
0.415584
0.532468
0.168831
0.480519
0.285714
0.805195
0.519481
0.428571
0.389610
0.545455
0.194805
0.376623
0.129870
0.181818
0.402597
0.636364
0.532468
0.714286
0.350649
0.389610
0.714286
0.467532
0.155844
0.285714
0.116883
0.636364
0.480519
0.545455
0.155844
0.116883
0.493506
0.571429
0.467532
0.155844
0.493506
0.493506
0.467532
0.766234
0.506494
0.220779
0.194805
0.116883
0.558442
0.532468
0.610390
0.519481
0.441558
0.272727
0.532468
0.753247
0.480519
0.103896
0.168831
0.233766
0.207792
0.558442
0.766234
0.402597
0.441558
0.519481
0.467532
0.233766
0.103896
0.662338
0.142857
0.207792
0.129870
0.259740
0.792208
0.116883
0.129870
0.272727
0.194805
0.155844
0.129870
0.142857
0.220779
0.194805
0.272727
0.727273
0.155844
0.467532
0.402597
0.298701
0.311688
0.168831
0.571429
0.207792
0.181818
0.194805
0.142857
0.155844
0.116883
0.233766
0.233766
0.168831
0.142857
0.233766
0.116883
0.168831
0.116883
0.480519
0.324675
0.753247
0.688312
0.558442
0.103896
0.233766
0.129870
0.324675
0.103896
0.207792
0.194805
0.181818
0.116883
0.194805
0.142857
0.142857
0.155844
0.168831
0.168831
0.194805
0.220779
0.194805
0.675325
0.415584
0.337662
0.558442
0.376623
0.246753
0.350649
0.155844
0.402597
0.207792
0.207792
0.155844
0.142857
0.233766
0.142857
0.220779
0.181818
0.142857
0.298701
0.168831
0.168831
0.077922
0.207792
0.532468
0.285714
0.415584
0.662338
0.337662
0.168831
0.792208
0.181818
0.207792
0.220779
0.129870
0.168831
0.194805
0.532468
0.181818
0.194805
0.207792
0.181818
0.168831
0.584416
0.155844
0.194805
0.142857
0.376623
0.519481
0.454545
0.753247
0.415584
0.623377
0.493506
0.415584
0.168831
0.181818
0.272727
0.233766
0.142857
0.233766
0.129870
0.103896
0.142857
0.467532
0.194805
0.181818
0.207792
0.220779
0.155844
0.181818
0.467532
0.168831
0.181818
0.675325
0.116883
0.181818
0.571429
0.194805
0.194805
0.207792
0.116883
0.168831
0.168831
0.181818
0.233766
0.220779
0.168831
0.233766
0.233766
0.168831
0.194805
0.194805
0.558442
0.779221
0.662338
0.285714
0.233766
0.389610
0.142857
0.129870
0.181818
0.324675
0.207792
0.389610
0.168831
0.129870
0.077922
0.155844
0.155844
0.194805
0.181818
0.129870
0.168831
0.155844
0.246753
0.519481
0.506494
0.779221
0.285714
0.532468
0.337662
0.662338
0.272727
0.090909
0.389610
0.181818
0.142857
0.077922
0.194805
0.155844
0.194805
0.233766
0.129870
0.194805
0.285714
0.220779
0.168831
0.415584
0.311688
0.714286
0.311688
0.285714
0.675325
0.519481
0.168831
