0.220779
0.181818
0.207792
0.194805
0.103896
0.077922
0.103896
0.129870
0.090909
0.142857
0.051948
0.129870
0.090909
0.090909
0.038961
0.142857
0.168831
0.116883
0.051948
0.142857
0.077922
0.194805
0.168831
0.168831
0.116883
0.142857
0.220779
0.116883
0.129870
0.129870
0.103896
0.103896
0.116883
0.090909
0.129870
0.129870
0.090909
0.142857
0.155844
0.181818
0.064935
0.155844
0.077922
0.129870
0.090909
0.129870
0.155844
0.142857
0.142857
0.142857
0.103896
0.142857
0.090909
0.116883
0.090909
0.142857
0.155844
0.194805
0.129870
0.129870
0.181818
0.129870
0.142857
0.142857
0.155844
0.142857
0.142857
0.103896
0.155844
0.077922
0.090909
0.116883
0.090909
0.116883
0.155844
0.155844
0.077922
0.129870
0.142857
0.129870
0.103896
0.207792
0.116883
0.077922
0.142857
0.181818
0.168831
0.168831
0.077922
0.103896
0.168831
0.103896
0.207792
0.181818
0.155844
0.155844
0.207792
0.168831
0.129870
0.168831
0.064935
0.155844
0.181818
0.168831
0.207792
0.051948
0.077922
0.129870
0.155844
0.116883
0.116883
0.220779
0.142857
0.155844
0.168831
0.103896
0.142857
0.220779
0.155844
0.129870
0.090909
0.077922
0.103896
0.168831
0.155844
0.142857
0.038961
0.103896
0.207792
0.129870
0.103896
0.064935
0.142857
0.090909
0.090909
0.103896
0.090909
0.064935
0.181818
0.142857
0.090909
0.155844
0.103896
0.129870
0.103896
0.142857
0.142857
0.155844
0.116883
0.103896
0.129870
0.194805
0.129870
0.168831
0.142857
0.155844
0.090909
0.168831
0.090909
0.155844
0.142857
0.090909
0.181818
0.155844
0.064935
0.103896
0.116883
0.155844
0.064935
0.155844
0.090909
0.116883
0.194805
0.155844
0.181818
0.142857
0.090909
0.207792
0.116883
0.207792
0.090909
0.142857
0.090909
0.077922
0.077922
0.077922
0.168831
0.142857
0.064935
0.116883
0.103896
0.155844
0.181818
0.129870
0.194805
0.181818
0.129870
0.103896
0.129870
0.103896
0.103896
0.181818
0.116883
0.142857
0.220779
0.181818
0.090909
0.090909
0.181818
0.090909
0.077922
0.090909
0.168831
0.155844
0.116883
0.129870
0.155844
0.103896
0.129870
0.103896
0.077922
0.129870
0.142857
0.129870
0.142857
0.155844
0.194805
0.181818
0.103896
0.103896
0.116883
0.090909
0.168831
0.168831
0.129870
0.168831
0.090909
0.129870
0.168831
0.168831
0.103896
0.090909
0.129870
0.168831
0.129870
0.155844
0.168831
0.103896
0.181818
0.155844
0.116883
0.142857
0.142857
0.168831
0.090909
0.116883
0.116883
0.116883
0.155844
0.155844
0.129870
0.090909
0.116883
0.129870
0.116883
0.116883
0.077922
0.129870
0.168831
0.116883
0.194805
0.155844
0.090909
0.103896
0.103896
0.129870
0.181818
0.116883
0.194805
0.103896
0.116883
0.090909
0.090909
0.129870
0.155844
0.168831
0.168831
0.116883
0.129870
0.129870
0.142857
0.077922
0.090909
0.103896
0.090909
0.116883
0.168831
0.142857
0.168831
0.116883
