0.521368
0.521368
0.521368
0.478632
0.512821
0.145299
0.470085
0.470085
0.478632
0.102564
0.752137
0.153846
0.170940
0.170940
0.521368
0.478632
0.478632
0.367521
0.136752
0.102564
0.478632
0.196581
0.478632
0.521368
0.478632
0.341880
0.401709
0.478632
0.085470
0.521368
0.136752
0.196581
0.162393
0.410256
0.153846
0.427350
0.162393
0.512821
0.478632
0.512821
0.222222
0.478632
0.478632
0.521368
0.521368
0.641026
0.495726
0.076923
0.119658
0.435897
0.153846
0.119658
0.478632
0.247863
0.478632
0.521368
0.205128
0.478632
0.410256
0.076923
0.478632
0.478632
0.521368
0.521368
0.170940
0.162393
0.478632
0.170940
0.478632
0.170940
0.179487
0.128205
0.478632
0.461538
0.478632
0.487179
0.128205
0.213675
0.162393
0.444444
0.179487
0.487179
0.478632
0.521368
0.341880
0.521368
0.196581
0.478632
0.487179
0.521368
0.188034
0.170940
0.188034
0.085470
0.273504
0.521368
0.136752
0.188034
0.478632
0.444444
0.478632
0.145299
0.521368
0.538462
0.401709
0.136752
0.188034
0.196581
0.213675
0.196581
0.478632
0.213675
0.521368
0.521368
0.478632
0.418803
0.410256
0.461538
0.179487
0.521368
0.059829
0.521368
0.188034
0.136752
0.188034
0.188034
0.136752
0.495726
0.521368
0.393162
0.769231
0.478632
0.444444
0.478632
0.478632
0.170940
0.478632
0.196581
0.196581
0.478632
0.188034
0.290598
0.273504
0.162393
0.478632
0.247863
0.495726
0.307692
0.376068
0.478632
0.153846
0.119658
0.111111
0.521368
0.572650
0.478632
0.111111
0.239316
0.478632
0.581197
0.521368
0.521368
0.367521
0.478632
0.188034
0.512821
0.179487
0.213675
0.162393
0.230769
0.478632
0.384615
0.222222
0.521368
0.316239
0.478632
0.478632
0.547009
0.538462
0.153846
0.153846
0.119658
0.145299
0.461538
0.521368
0.752137
0.239316
0.589744
0.478632
0.735043
0.521368
0.153846
0.487179
0.521368
0.179487
0.111111
0.521368
0.102564
0.478632
0.478632
0.119658
0.478632
0.521368
0.521368
0.478632
0.521368
0.478632
0.427350
0.478632
0.307692
0.136752
0.666667
0.478632
0.153846
0.111111
0.341880
0.247863
0.521368
0.538462
0.521368
0.478632
0.470085
0.521368
0.170940
0.145299
0.128205
0.128205
0.478632
0.145299
0.461538
0.179487
0.136752
0.256410
0.521368
0.478632
0.521368
0.478632
0.111111
0.085470
0.478632
0.188034
0.478632
0.119658
0.769231
0.102564
0.136752
0.094017
0.521368
0.333333
0.495726
0.461538
0.478632
0.239316
0.162393
0.145299
0.504274
0.333333
0.119658
0.444444
0.521368
0.478632
0.444444
0.478632
0.521368
0.478632
0.512821
0.521368
0.418803
0.128205
0.341880
0.179487
0.196581
0.179487
0.521368
0.170940
0.478632
0.521368
0.521368
0.444444
0.521368
0.170940
0.529915
0.478632
0.521368
0.264957
0.094017
0.700855
0.102564
0.521368
0.128205
0.478632
0.410256
0.128205
0.478632
0.128205
0.521368
0.709402
0.444444
0.102564
0.196581
