0.521368
0.752137
0.282051
0.111111
0.290598
0.316239
0.239316
0.273504
0.743590
0.581197
0.136752
0.145299
0.179487
0.196581
0.179487
0.598291
0.170940
0.393162
0.632479
0.153846
0.418803
0.188034
0.247863
0.572650
0.452991
0.641026
0.376068
0.188034
0.222222
0.333333
0.273504
0.316239
0.213675
0.188034
0.145299
0.350427
0.521368
0.717949
0.153846
0.256410
0.256410
0.213675
0.717949
0.478632
0.196581
0.615385
0.247863
0.213675
0.213675
0.162393
0.170940
0.615385
0.504274
0.658120
0.316239
0.162393
0.162393
0.188034
0.170940
0.196581
0.162393
0.188034
0.170940
0.521368
0.222222
0.854701
0.547009
0.196581
0.572650
0.170940
0.205128
0.179487
0.170940
0.196581
0.632479
0.213675
0.213675
0.410256
0.623932
0.196581
0.470085
0.128205
0.153846
0.162393
0.188034
0.170940
0.863248
0.111111
0.572650
0.658120
0.170940
0.170940
0.170940
0.136752
0.136752
0.170940
0.153846
0.136752
0.564103
0.222222
0.162393
0.666667
0.247863
0.179487
0.179487
0.247863
0.239316
0.170940
0.230769
0.521368
0.247863
0.521368
0.384615
0.666667
0.196581
0.205128
0.188034
0.213675
0.196581
0.170940
0.196581
0.376068
0.735043
0.752137
0.623932
0.256410
0.692308
0.145299
0.119658
0.119658
0.222222
0.213675
0.470085
0.743590
0.598291
0.683761
0.170940
0.188034
0.205128
0.085470
0.179487
0.162393
0.153846
0.205128
0.564103
0.128205
0.581197
0.478632
0.196581
0.401709
0.188034
0.247863
0.153846
0.230769
0.179487
0.205128
0.495726
0.547009
0.521368
0.222222
0.128205
0.205128
0.162393
0.213675
0.145299
0.136752
0.752137
0.153846
0.205128
0.196581
0.170940
0.205128
0.153846
0.196581
0.179487
0.222222
0.145299
0.589744
0.205128
0.282051
0.376068
0.615385
0.606838
0.170940
0.726496
0.145299
0.188034
0.213675
0.145299
0.145299
0.162393
0.188034
0.162393
0.230769
0.162393
0.179487
0.170940
0.333333
0.170940
0.239316
0.145299
0.128205
0.179487
0.162393
0.119658
0.170940
0.162393
0.230769
0.179487
0.256410
0.188034
0.358974
0.170940
0.196581
0.213675
0.205128
0.162393
0.153846
0.230769
0.162393
0.153846
0.094017
0.188034
0.128205
0.153846
0.606838
0.145299
0.333333
0.786325
0.119658
0.452991
0.264957
0.170940
0.162393
0.470085
0.170940
0.145299
0.179487
0.222222
0.256410
0.196581
0.162393
0.205128
0.162393
0.205128
0.196581
0.205128
0.136752
0.153846
0.145299
0.179487
0.230769
0.282051
0.350427
0.188034
0.205128
0.179487
0.170940
0.256410
0.170940
0.205128
0.170940
0.162393
0.230769
0.153846
0.188034
0.239316
0.162393
0.213675
0.162393
0.136752
0.418803
0.170940
0.649573
0.341880
0.470085
0.179487
0.170940
0.196581
0.256410
0.188034
0.213675
0.162393
0.427350
0.256410
0.153846
0.179487
0.230769
0.196581
0.136752
0.213675
0.145299
0.264957
0.179487
0.222222
0.162393
0.162393
0.222222
0.162393
0.162393
