0.087719
0.087719
0.175439
0.122807
0.087719
0.017544
0.070175
0.140351
0.087719
0.052632
0.070175
0.035088
0.070175
0.105263
0.087719
0.105263
0.122807
0.035088
0.105263
0.052632
0.140351
0.087719
0.052632
0.105263
0.105263
0.070175
0.122807
0.017544
0.157895
0.087719
0.035088
0.035088
0.140351
0.070175
0.122807
0.140351
0.087719
0.087719
0.157895
0.087719
0.157895
0.105263
0.070175
0.087719
0.070175
0.122807
0.140351
0.122807
0.052632
0.105263
0.087719
0.070175
0.087719
0.035088
0.035088
0.070175
0.140351
0.122807
0.122807
0.070175
0.105263
0.052632
0.105263
0.052632
0.105263
0.087719
0.140351
0.175439
0.070175
0.210526
0.122807
0.210526
0.105263
0.052632
0.105263
0.122807
0.157895
0.035088
0.087719
0.087719
0.122807
0.105263
0.052632
0.105263
0.052632
0.122807
0.035088
0.105263
0.052632
0.070175
0.140351
0.052632
0.035088
0.087719
0.052632
0.087719
0.157895
0.105263
0.070175
0.105263
0.122807
0.070175
0.052632
0.000000
0.087719
0.122807
0.070175
0.087719
0.105263
0.157895
0.157895
0.017544
0.052632
0.140351
0.087719
0.035088
0.070175
0.192982
0.140351
0.122807
0.122807
0.070175
0.192982
0.070175
0.035088
0.035088
0.087719
0.087719
0.122807
0.087719
0.140351
0.070175
0.087719
0.122807
0.070175
0.122807
0.070175
0.122807
0.052632
0.070175
0.070175
0.105263
0.122807
0.017544
0.035088
0.035088
0.017544
0.052632
0.087719
0.017544
0.035088
0.105263
0.052632
0.122807
0.157895
0.140351
0.140351
0.070175
0.070175
0.157895
0.035088
0.140351
0.035088
0.070175
0.052632
0.105263
0.087719
0.070175
0.052632
0.052632
0.140351
0.087719
0.122807
0.070175
0.157895
0.052632
0.175439
0.087719
0.035088
0.105263
0.087719
0.122807
0.087719
0.052632
0.052632
0.105263
0.105263
0.122807
0.087719
0.105263
0.105263
0.122807
0.157895
0.140351
0.035088
0.105263
0.087719
0.122807
0.087719
0.105263
0.087719
0.228070
0.157895
0.140351
0.192982
0.105263
0.105263
0.052632
0.122807
0.070175
0.140351
0.087719
0.070175
0.122807
0.035088
0.070175
0.105263
0.087719
0.105263
0.105263
0.035088
0.052632
0.105263
0.105263
0.070175
0.070175
0.140351
0.140351
0.087719
0.070175
0.122807
0.105263
0.052632
0.070175
0.157895
0.087719
0.105263
0.070175
0.052632
0.035088
0.052632
0.105263
0.052632
0.052632
0.087719
0.087719
0.070175
0.105263
0.052632
0.157895
0.052632
0.140351
0.087719
0.070175
0.105263
0.175439
0.105263
0.175439
0.105263
0.105263
0.105263
0.122807
0.070175
0.105263
0.052632
0.035088
0.052632
0.122807
0.052632
0.035088
0.087719
0.070175
0.087719
0.105263
0.105263
0.122807
0.175439
0.035088
0.052632
0.175439
0.105263
0.070175
0.122807
0.140351
0.087719
0.122807
0.035088
0.087719
0.105263
0.070175
0.087719
0.140351
0.035088
0.122807
0.070175
0.052632
0.070175
0.070175
0.070175
0.122807
