0.108108
0.378378
0.459459
0.135135
0.297297
0.486486
0.108108
0.027027
0.027027
0.324324
0.027027
0.135135
0.108108
0.108108
0.351351
0.648649
0.054054
0.351351
0.243243
0.189189
0.162162
0.432432
0.135135
0.027027
0.621622
0.081081
0.027027
0.405405
0.513514
0.054054
0.243243
0.135135
0.216216
0.270270
0.648649
0.540541
0.486486
0.000000
0.486486
0.540541
0.054054
0.081081
0.054054
0.081081
0.054054
0.108108
0.081081
0.000000
0.108108
0.108108
0.270270
0.027027
0.270270
0.351351
0.081081
0.081081
0.054054
0.243243
0.270270
0.108108
0.081081
0.135135
0.108108
0.081081
0.540541
0.351351
0.135135
0.108108
0.081081
0.270270
0.108108
0.081081
0.162162
0.567568
0.540541
0.297297
0.351351
0.108108
0.054054
0.081081
0.162162
0.081081
0.216216
0.027027
0.108108
0.486486
0.027027
0.216216
0.567568
0.162162
0.189189
0.081081
0.027027
0.135135
0.135135
0.243243
0.054054
0.378378
0.405405
0.270270
0.297297
0.108108
0.081081
0.135135
0.162162
0.108108
0.108108
0.081081
0.135135
0.054054
0.054054
0.189189
0.135135
0.135135
0.054054
0.108108
0.189189
0.054054
0.135135
0.081081
0.621622
0.108108
0.513514
0.324324
0.054054
0.162162
0.189189
0.162162
0.135135
0.027027
0.108108
0.081081
0.162162
0.081081
0.108108
0.027027
0.216216
0.054054
0.081081
0.108108
0.135135
0.108108
0.027027
0.567568
0.054054
0.270270
0.405405
0.081081
0.000000
0.189189
0.162162
0.054054
0.081081
0.081081
0.108108
0.081081
0.108108
0.108108
0.189189
0.054054
0.054054
0.081081
0.135135
0.135135
0.081081
0.135135
0.513514
0.378378
0.351351
0.648649
0.054054
0.027027
0.027027
0.081081
0.243243
0.027027
0.108108
0.108108
0.081081
0.216216
0.054054
0.054054
0.108108
0.216216
0.135135
0.162162
0.216216
0.108108
0.081081
0.189189
0.297297
0.297297
0.513514
0.243243
0.054054
0.162162
0.027027
0.027027
0.162162
0.054054
0.027027
0.162162
0.081081
0.054054
0.000000
0.162162
0.108108
0.162162
0.135135
0.081081
0.108108
0.108108
0.054054
0.027027
0.432432
0.081081
0.135135
0.243243
0.027027
0.081081
0.135135
0.108108
0.054054
0.189189
0.054054
0.216216
0.054054
0.081081
0.027027
0.081081
0.054054
0.054054
0.081081
0.108108
0.054054
0.027027
0.027027
0.108108
0.189189
0.729730
0.702703
0.513514
0.027027
0.054054
0.135135
0.054054
0.216216
0.135135
0.189189
0.027027
0.216216
0.081081
0.081081
0.108108
0.054054
0.108108
0.027027
0.108108
0.108108
0.270270
0.027027
0.027027
0.486486
0.459459
0.270270
0.702703
0.189189
0.054054
0.189189
0.081081
0.108108
0.243243
0.054054
0.000000
0.054054
0.135135
0.054054
0.081081
0.054054
0.135135
0.189189
0.081081
0.081081
0.081081
0.081081
0.054054
0.324324
0.297297
0.702703
0.513514
0.081081
0.027027
0.081081
0.162162
0.108108
0.162162
0.135135
0.081081
0.081081
0.108108
