0.210526
0.210526
0.666667
0.122807
0.210526
0.578947
0.175439
0.631579
0.561404
0.105263
0.666667
0.578947
0.754386
0.157895
0.175439
0.228070
0.175439
0.157895
0.526316
0.350877
0.526316
0.333333
0.157895
0.157895
0.438596
0.526316
0.649123
0.228070
0.210526
0.140351
0.754386
0.350877
0.298246
0.561404
0.754386
0.157895
0.596491
0.666667
0.508772
0.192982
0.210526
0.649123
0.666667
0.403509
0.631579
0.350877
0.719298
0.438596
0.175439
0.789474
0.508772
0.578947
0.210526
0.175439
0.263158
0.473684
0.649123
0.456140
0.596491
0.526316
0.473684
0.473684
0.543860
0.140351
0.298246
0.473684
0.508772
0.385965
0.298246
0.719298
0.807018
0.368421
0.192982
0.438596
0.807018
0.175439
0.140351
0.280702
0.385965
0.736842
0.175439
0.473684
0.456140
0.421053
0.543860
0.280702
0.140351
0.807018
0.140351
0.157895
0.210526
0.157895
0.175439
0.631579
0.456140
0.105263
0.140351
0.210526
0.263158
0.385965
0.456140
0.666667
0.631579
0.754386
0.526316
0.508772
0.473684
0.403509
0.228070
0.175439
0.263158
0.192982
0.210526
0.192982
0.140351
0.210526
0.122807
0.175439
0.210526
0.157895
0.140351
0.824561
0.105263
0.824561
0.385965
0.157895
0.543860
0.385965
0.333333
0.596491
0.385965
0.157895
0.526316
0.157895
0.228070
0.087719
0.192982
0.157895
0.210526
0.122807
0.263158
0.473684
0.192982
0.228070
0.140351
0.175439
0.245614
0.315789
0.631579
0.350877
0.385965
0.192982
0.561404
0.210526
0.438596
0.771930
0.157895
0.228070
0.245614
0.210526
0.122807
0.140351
0.157895
0.140351
0.192982
0.157895
0.157895
0.192982
0.245614
0.403509
0.333333
0.421053
0.210526
0.614035
0.473684
0.578947
0.122807
0.649123
0.561404
0.122807
0.350877
0.175439
0.140351
0.105263
0.140351
0.157895
0.210526
0.140351
0.140351
0.192982
0.192982
0.105263
0.350877
0.385965
0.543860
0.666667
0.368421
0.280702
0.385965
0.175439
0.719298
0.421053
0.140351
0.385965
0.157895
0.192982
0.543860
0.263158
0.192982
0.175439
0.122807
0.228070
0.157895
0.192982
0.157895
0.578947
0.385965
0.842105
0.701754
0.333333
0.228070
0.298246
0.210526
0.333333
0.298246
0.245614
0.298246
0.122807
0.140351
0.315789
0.298246
0.122807
0.631579
0.736842
0.245614
0.122807
0.210526
0.701754
0.596491
0.771930
0.473684
0.894737
0.561404
0.543860
0.491228
0.649123
0.403509
0.491228
0.157895
0.315789
0.087719
0.245614
0.228070
0.210526
0.210526
0.561404
0.614035
0.210526
0.140351
0.157895
0.175439
0.438596
0.649123
0.719298
0.280702
0.473684
0.385965
0.578947
0.526316
0.350877
0.789474
0.473684
0.105263
0.105263
0.157895
0.052632
0.210526
0.122807
0.175439
0.228070
0.175439
0.140351
0.122807
0.456140
0.175439
0.666667
0.403509
0.210526
0.298246
0.701754
0.315789
0.368421
0.385965
0.491228
0.192982
0.140351
0.210526
0.157895
0.140351
0.210526
