0.474227
0.154639
0.226804
0.123711
0.082474
0.175258
0.072165
0.762887
0.113402
0.164948
0.247423
0.731959
0.082474
0.608247
0.185567
0.515464
0.154639
0.082474
0.247423
0.154639
0.432990
0.134021
0.144330
0.164948
0.082474
0.567010
0.134021
0.113402
0.185567
0.175258
0.113402
0.391753
0.175258
0.175258
0.134021
0.072165
0.432990
0.164948
0.164948
0.237113
0.123711
0.505155
0.536082
0.278351
0.103093
0.134021
0.195876
0.164948
0.144330
0.113402
0.113402
0.134021
0.072165
0.144330
0.340206
0.350515
0.072165
0.134021
0.082474
0.092784
0.082474
0.134021
0.144330
0.154639
0.072165
0.134021
0.268041
0.134021
0.164948
0.175258
0.175258
0.103093
0.185567
0.103093
0.134021
0.061856
0.391753
0.494845
0.453608
0.134021
0.051546
0.164948
0.041237
0.103093
0.061856
0.113402
0.154639
0.134021
0.185567
0.257732
0.113402
0.175258
0.082474
0.072165
0.092784
0.113402
0.154639
0.103093
0.103093
0.144330
0.092784
0.144330
0.123711
0.113402
0.144330
0.175258
0.082474
0.103093
0.164948
0.123711
0.134021
0.164948
0.659794
0.556701
0.164948
0.164948
0.154639
0.134021
0.061856
0.134021
0.092784
0.092784
0.123711
0.092784
0.103093
0.051546
0.175258
0.113402
0.082474
0.113402
0.144330
0.092784
0.206186
0.113402
0.402062
0.319588
0.381443
0.113402
0.144330
0.082474
0.092784
0.144330
0.175258
0.123711
0.092784
0.134021
0.113402
0.123711
0.061856
0.144330
0.082474
0.123711
0.092784
0.103093
0.144330
0.103093
0.134021
0.525773
0.072165
0.144330
0.134021
0.082474
0.123711
0.144330
0.082474
0.154639
0.082474
0.113402
0.061856
0.103093
0.113402
0.113402
0.030928
0.072165
0.154639
0.113402
0.123711
0.092784
0.092784
0.123711
0.103093
0.123711
0.103093
0.525773
0.082474
0.154639
0.123711
0.103093
0.154639
0.195876
0.061856
0.123711
0.123711
0.082474
0.113402
0.082474
0.092784
0.082474
0.092784
0.103093
0.092784
0.154639
0.072165
0.154639
0.134021
0.474227
0.103093
0.484536
0.082474
0.092784
0.082474
0.103093
0.051546
0.103093
0.103093
0.123711
0.144330
0.144330
0.072165
0.185567
0.103093
0.103093
0.051546
0.072165
0.154639
0.154639
0.123711
0.144330
0.144330
0.525773
0.515464
0.577320
0.123711
0.134021
0.185567
0.164948
0.123711
0.134021
0.134021
0.144330
0.134021
0.123711
0.164948
0.154639
0.092784
0.123711
0.092784
0.072165
0.103093
0.082474
0.154639
0.113402
0.123711
0.113402
0.422680
0.762887
0.144330
0.082474
0.082474
0.154639
0.134021
0.134021
0.103093
0.113402
0.113402
0.134021
0.144330
0.123711
0.092784
0.103093
0.144330
0.092784
0.123711
0.061856
0.288660
0.206186
0.123711
0.680412
0.422680
0.432990
0.123711
0.072165
0.154639
0.082474
0.092784
0.103093
0.092784
0.092784
0.113402
0.092784
0.134021
0.195876
0.144330
0.175258
0.103093
0.134021
0.092784
0.123711
0.092784
0.072165
