0.153846
0.136752
0.085470
0.162393
0.145299
0.111111
0.153846
0.162393
0.094017
0.111111
0.102564
0.162393
0.136752
0.128205
0.119658
0.196581
0.102564
0.153846
0.119658
0.094017
0.119658
0.162393
0.128205
0.162393
0.068376
0.153846
0.094017
0.162393
0.068376
0.094017
0.076923
0.136752
0.128205
0.111111
0.162393
0.136752
0.102564
0.119658
0.102564
0.085470
0.145299
0.205128
0.085470
0.119658
0.179487
0.128205
0.145299
0.076923
0.102564
0.128205
0.111111
0.119658
0.136752
0.179487
0.145299
0.128205
0.128205
0.162393
0.111111
0.059829
0.136752
0.128205
0.059829
0.085470
0.162393
0.128205
0.170940
0.119658
0.119658
0.196581
0.136752
0.076923
0.170940
0.094017
0.136752
0.136752
0.085470
0.188034
0.153846
0.128205
0.119658
0.136752
0.085470
0.128205
0.179487
0.145299
0.196581
0.102564
0.196581
0.119658
0.162393
0.128205
0.128205
0.119658
0.170940
0.128205
0.128205
0.119658
0.094017
0.111111
0.119658
0.119658
0.136752
0.230769
0.094017
0.085470
0.145299
0.102564
0.145299
0.076923
0.076923
0.128205
0.119658
0.076923
0.085470
0.170940
0.102564
0.230769
0.153846
0.068376
0.094017
0.094017
0.196581
0.119658
0.153846
0.128205
0.145299
0.102564
0.119658
0.119658
0.170940
0.145299
0.111111
0.094017
0.111111
0.128205
0.179487
0.170940
0.128205
0.102564
0.136752
0.188034
0.213675
0.145299
0.128205
0.256410
0.170940
0.102564
0.111111
0.145299
0.111111
0.119658
0.068376
0.145299
0.085470
0.128205
0.094017
0.128205
0.085470
0.145299
0.145299
0.068376
0.136752
0.136752
0.102564
0.119658
0.153846
0.085470
0.136752
0.136752
0.188034
0.119658
0.153846
0.290598
0.188034
0.111111
0.136752
0.153846
0.136752
0.136752
0.170940
0.085470
0.119658
0.059829
0.102564
0.085470
0.247863
0.119658
0.145299
0.128205
0.162393
0.145299
0.111111
0.128205
0.162393
0.068376
0.145299
0.068376
0.145299
0.102564
0.068376
0.119658
0.111111
0.119658
0.179487
0.076923
0.094017
0.102564
0.145299
0.153846
0.076923
0.068376
0.162393
0.128205
0.102564
0.136752
0.145299
0.094017
0.179487
0.119658
0.085470
0.145299
0.179487
0.162393
0.136752
0.085470
0.128205
0.094017
0.128205
0.068376
0.136752
0.136752
0.119658
0.128205
0.188034
0.205128
0.145299
0.153846
0.068376
0.102564
0.136752
0.179487
0.085470
0.094017
0.059829
0.102564
0.051282
0.162393
0.102564
0.111111
0.136752
0.256410
0.094017
0.119658
0.119658
0.051282
0.153846
0.102564
0.153846
0.076923
0.111111
0.136752
0.162393
0.179487
0.076923
0.128205
0.094017
0.111111
0.102564
0.085470
0.076923
0.162393
0.119658
0.128205
0.128205
0.153846
0.136752
0.136752
0.136752
0.170940
0.162393
0.153846
0.111111
0.076923
0.179487
0.085470
0.128205
0.042735
0.102564
0.119658
0.076923
0.170940
0.042735
0.153846
0.119658
0.136752
0.111111
0.111111
0.085470
0.213675
