0.432990
0.298969
0.484536
0.515464
0.360825
0.072165
0.371134
0.381443
0.268041
0.195876
0.474227
0.402062
0.494845
0.391753
0.525773
0.494845
0.484536
0.474227
0.164948
0.288660
0.484536
0.525773
0.474227
0.474227
0.474227
0.474227
0.474227
0.123711
0.505155
0.474227
0.164948
0.144330
0.443299
0.515464
0.134021
0.247423
0.123711
0.474227
0.474227
0.164948
0.505155
0.474227
0.154639
0.443299
0.762887
0.474227
0.474227
0.154639
0.164948
0.608247
0.144330
0.134021
0.113402
0.154639
0.206186
0.340206
0.164948
0.525773
0.206186
0.474227
0.474227
0.164948
0.474227
0.474227
0.484536
0.134021
0.474227
0.247423
0.474227
0.154639
0.608247
0.525773
0.278351
0.474227
0.525773
0.474227
0.525773
0.092784
0.577320
0.144330
0.525773
0.474227
0.113402
0.494845
0.123711
0.154639
0.474227
0.103093
0.494845
0.474227
0.793814
0.474227
0.144330
0.092784
0.525773
0.402062
0.474227
0.154639
0.144330
0.474227
0.505155
0.371134
0.443299
0.474227
0.474227
0.412371
0.185567
0.474227
0.474227
0.474227
0.494845
0.154639
0.412371
0.474227
0.463918
0.639175
0.237113
0.195876
0.474227
0.525773
0.484536
0.144330
0.525773
0.195876
0.639175
0.567010
0.474227
0.288660
0.474227
0.144330
0.474227
0.505155
0.494845
0.525773
0.525773
0.103093
0.103093
0.092784
0.134021
0.525773
0.061856
0.474227
0.123711
0.103093
0.432990
0.154639
0.206186
0.525773
0.525773
0.453608
0.474227
0.216495
0.154639
0.154639
0.175258
0.144330
0.474227
0.113402
0.474227
0.453608
0.525773
0.474227
0.525773
0.494845
0.154639
0.474227
0.144330
0.154639
0.329897
0.474227
0.123711
0.525773
0.154639
0.154639
0.525773
0.680412
0.474227
0.164948
0.123711
0.474227
0.309278
0.474227
0.206186
0.134021
0.371134
0.103093
0.474227
0.154639
0.360825
0.525773
0.195876
0.525773
0.494845
0.525773
0.474227
0.154639
0.175258
0.123711
0.350515
0.123711
0.494845
0.505155
0.474227
0.505155
0.278351
0.474227
0.474227
0.082474
0.474227
0.525773
0.474227
0.525773
0.082474
0.474227
0.309278
0.154639
0.474227
0.525773
0.474227
0.474227
0.505155
0.783505
0.525773
0.525773
0.474227
0.226804
0.474227
0.175258
0.113402
0.484536
0.123711
0.350515
0.154639
0.474227
0.474227
0.474227
0.474227
0.113402
0.474227
0.103093
0.371134
0.525773
0.175258
0.443299
0.474227
0.701031
0.381443
0.474227
0.164948
0.319588
0.525773
0.474227
0.525773
0.226804
0.360825
0.164948
0.422680
0.051546
0.432990
0.154639
0.474227
0.443299
0.474227
0.474227
0.082474
0.711340
0.525773
0.412371
0.525773
0.329897
0.144330
0.474227
0.329897
0.474227
0.525773
0.340206
0.494845
0.381443
0.474227
0.474227
0.195876
0.494845
0.474227
0.525773
0.474227
0.061856
0.154639
0.144330
0.453608
0.195876
0.525773
0.525773
0.494845
0.175258
0.474227
0.175258
0.288660
0.175258
0.134021
0.298969
