0.480519
0.480519
0.480519
0.480519
0.480519
0.272727
0.142857
0.168831
0.181818
0.194805
0.116883
0.194805
0.220779
0.155844
0.220779
0.142857
0.480519
0.272727
0.129870
0.155844
0.233766
0.142857
0.220779
0.142857
0.519481
0.220779
0.116883
0.090909
0.116883
0.506494
0.129870
0.233766
0.103896
0.519481
0.129870
0.480519
0.103896
0.480519
0.259740
0.376623
0.194805
0.103896
0.259740
0.480519
0.142857
0.428571
0.142857
0.077922
0.194805
0.480519
0.194805
0.220779
0.480519
0.480519
0.155844
0.259740
0.519481
0.519481
0.181818
0.181818
0.168831
0.168831
0.181818
0.233766
0.207792
0.155844
0.129870
0.519481
0.116883
0.519481
0.480519
0.428571
0.142857
0.467532
0.116883
0.142857
0.116883
0.168831
0.090909
0.467532
0.168831
0.480519
0.480519
0.090909
0.402597
0.506494
0.194805
0.155844
0.116883
0.207792
0.129870
0.168831
0.103896
0.168831
0.480519
0.480519
0.519481
0.168831
0.064935
0.220779
0.129870
0.558442
0.116883
0.103896
0.142857
0.090909
0.480519
0.519481
0.168831
0.168831
0.155844
0.519481
0.493506
0.181818
0.116883
0.519481
0.220779
0.480519
0.493506
0.194805
0.142857
0.155844
0.168831
0.181818
0.194805
0.493506
0.246753
0.207792
0.480519
0.467532
0.480519
0.194805
0.207792
0.181818
0.181818
0.090909
0.129870
0.129870
0.103896
0.168831
0.142857
0.480519
0.519481
0.480519
0.480519
0.519481
0.194805
0.077922
0.181818
0.233766
0.155844
0.519481
0.480519
0.519481
0.480519
0.480519
0.142857
0.363636
0.181818
0.129870
0.168831
0.116883
0.480519
0.155844
0.064935
0.376623
0.441558
0.194805
0.194805
0.480519
0.207792
0.155844
0.168831
0.168831
0.090909
0.207792
0.519481
0.519481
0.480519
0.181818
0.103896
0.480519
0.103896
0.519481
0.168831
0.480519
0.103896
0.142857
0.194805
0.168831
0.077922
0.519481
0.129870
0.181818
0.454545
0.155844
0.480519
0.181818
0.207792
0.493506
0.103896
0.155844
0.129870
0.493506
0.480519
0.480519
0.285714
0.480519
0.116883
0.168831
0.155844
0.311688
0.480519
0.493506
0.090909
0.480519
0.051948
0.155844
0.116883
0.103896
0.103896
0.272727
0.116883
0.480519
0.480519
0.467532
0.363636
0.168831
0.480519
0.129870
0.480519
0.129870
0.181818
0.168831
0.467532
0.181818
0.207792
0.350649
0.480519
0.103896
0.298701
0.467532
0.207792
0.116883
0.155844
0.194805
0.168831
0.181818
0.441558
0.090909
0.454545
0.051948
0.454545
0.025974
0.493506
0.194805
0.129870
0.454545
0.181818
0.090909
0.129870
0.194805
0.220779
0.090909
0.311688
0.220779
0.103896
0.142857
0.194805
0.194805
0.493506
0.155844
0.285714
0.168831
0.116883
0.064935
0.155844
0.103896
0.090909
0.168831
0.155844
0.090909
0.155844
0.493506
0.181818
0.493506
0.467532
0.480519
0.142857
0.142857
0.116883
0.194805
0.220779
0.246753
0.519481
0.519481
0.558442
0.428571
0.480519
0.142857
