0.473684
0.192982
0.508772
0.526316
0.491228
0.526316
0.315789
0.508772
0.192982
0.157895
0.175439
0.140351
0.333333
0.473684
0.473684
0.543860
0.473684
0.473684
0.245614
0.473684
0.263158
0.105263
0.456140
0.192982
0.508772
0.157895
0.403509
0.157895
0.508772
0.473684
0.070175
0.192982
0.263158
0.333333
0.228070
0.245614
0.578947
0.508772
0.228070
0.175439
0.543860
0.175439
0.368421
0.491228
0.543860
0.526316
0.210526
0.263158
0.421053
0.526316
0.456140
0.245614
0.157895
0.122807
0.070175
0.210526
0.385965
0.350877
0.192982
0.087719
0.350877
0.473684
0.456140
0.192982
0.228070
0.473684
0.368421
0.421053
0.438596
0.385965
0.298246
0.333333
0.473684
0.175439
0.245614
0.175439
0.192982
0.456140
0.298246
0.210526
0.280702
0.210526
0.438596
0.526316
0.175439
0.473684
0.140351
0.543860
0.526316
0.456140
0.368421
0.210526
0.192982
0.157895
0.192982
0.245614
0.228070
0.175439
0.245614
0.385965
0.473684
0.473684
0.157895
0.438596
0.421053
0.596491
0.473684
0.614035
0.210526
0.456140
0.596491
0.508772
0.210526
0.350877
0.192982
0.192982
0.245614
0.228070
0.228070
0.228070
0.157895
0.210526
0.192982
0.157895
0.596491
0.473684
0.473684
0.456140
0.315789
0.473684
0.491228
0.508772
0.210526
0.403509
0.491228
0.210526
0.333333
0.192982
0.403509
0.175439
0.175439
0.228070
0.298246
0.350877
0.473684
0.473684
0.105263
0.473684
0.245614
0.561404
0.263158
0.421053
0.473684
0.175439
0.350877
0.245614
0.263158
0.192982
0.298246
0.280702
0.228070
0.140351
0.438596
0.508772
0.140351
0.140351
0.526316
0.175439
0.298246
0.508772
0.245614
0.596491
0.491228
0.473684
0.210526
0.175439
0.175439
0.175439
0.263158
0.210526
0.350877
0.228070
0.578947
0.175439
0.192982
0.175439
0.403509
0.368421
0.473684
0.192982
0.245614
0.140351
0.263158
0.245614
0.122807
0.473684
0.473684
0.263158
0.508772
0.228070
0.438596
0.245614
0.333333
0.350877
0.561404
0.175439
0.596491
0.385965
0.228070
0.228070
0.403509
0.263158
0.403509
0.543860
0.245614
0.105263
0.333333
0.210526
0.333333
0.473684
0.122807
0.350877
0.192982
0.385965
0.403509
0.192982
0.456140
0.105263
0.210526
0.210526
0.473684
0.245614
0.105263
0.473684
0.456140
0.385965
0.228070
0.438596
0.631579
0.210526
0.157895
0.508772
0.403509
0.473684
0.473684
0.192982
0.228070
0.473684
0.140351
0.157895
0.473684
0.473684
0.473684
0.385965
0.456140
0.526316
0.210526
0.333333
0.210526
0.228070
0.473684
0.614035
0.333333
0.192982
0.157895
0.350877
0.421053
0.245614
0.473684
0.491228
0.473684
0.456140
0.701754
0.491228
0.263158
0.157895
0.263158
0.122807
0.473684
0.438596
0.578947
0.192982
0.263158
0.473684
0.526316
0.245614
0.122807
0.491228
0.280702
0.122807
0.508772
0.473684
0.473684
0.596491
0.473684
0.438596
0.508772
0.473684
0.228070
0.245614
