0.108108
0.135135
0.108108
0.243243
0.081081
0.135135
0.108108
0.108108
0.081081
0.054054
0.054054
0.108108
0.135135
0.108108
0.243243
0.189189
0.027027
0.135135
0.270270
0.162162
0.189189
0.162162
0.081081
0.027027
0.108108
0.108108
0.081081
0.135135
0.135135
0.054054
0.189189
0.108108
0.216216
0.108108
0.216216
0.054054
0.081081
0.027027
0.135135
0.027027
0.054054
0.108108
0.081081
0.081081
0.054054
0.135135
0.108108
0.027027
0.108108
0.108108
0.108108
0.054054
0.189189
0.108108
0.108108
0.081081
0.108108
0.243243
0.270270
0.081081
0.081081
0.135135
0.135135
0.135135
0.162162
0.108108
0.108108
0.135135
0.081081
0.297297
0.108108
0.135135
0.189189
0.162162
0.189189
0.054054
0.135135
0.108108
0.135135
0.081081
0.162162
0.081081
0.189189
0.108108
0.081081
0.081081
0.027027
0.135135
0.054054
0.135135
0.189189
0.108108
0.054054
0.108108
0.162162
0.189189
0.108108
0.054054
0.189189
0.216216
0.081081
0.162162
0.108108
0.108108
0.162162
0.108108
0.054054
0.054054
0.081081
0.027027
0.054054
0.243243
0.162162
0.216216
0.054054
0.081081
0.135135
0.135135
0.135135
0.027027
0.054054
0.189189
0.135135
0.216216
0.135135
0.216216
0.135135
0.162162
0.108108
0.054054
0.135135
0.054054
0.135135
0.054054
0.081081
0.027027
0.189189
0.108108
0.108108
0.108108
0.162162
0.135135
0.108108
0.027027
0.081081
0.135135
0.135135
0.135135
0.000000
0.189189
0.162162
0.081081
0.054054
0.054054
0.135135
0.108108
0.108108
0.108108
0.189189
0.108108
0.108108
0.108108
0.162162
0.189189
0.054054
0.162162
0.027027
0.108108
0.054054
0.108108
0.135135
0.054054
0.027027
0.081081
0.189189
0.054054
0.135135
0.108108
0.108108
0.135135
0.081081
0.135135
0.162162
0.189189
0.108108
0.189189
0.216216
0.108108
0.135135
0.189189
0.054054
0.189189
0.216216
0.108108
0.135135
0.135135
0.054054
0.054054
0.189189
0.054054
0.054054
0.243243
0.108108
0.027027
0.081081
0.162162
0.081081
0.108108
0.189189
0.027027
0.135135
0.135135
0.054054
0.027027
0.216216
0.108108
0.081081
0.135135
0.027027
0.108108
0.108108
0.135135
0.054054
0.162162
0.054054
0.216216
0.108108
0.108108
0.108108
0.081081
0.054054
0.081081
0.135135
0.108108
0.054054
0.054054
0.027027
0.135135
0.108108
0.135135
0.162162
0.243243
0.081081
0.108108
0.162162
0.108108
0.162162
0.135135
0.216216
0.054054
0.216216
0.081081
0.081081
0.081081
0.081081
0.081081
0.054054
0.162162
0.108108
0.162162
0.054054
0.054054
0.135135
0.081081
0.081081
0.108108
0.189189
0.081081
0.189189
0.081081
0.081081
0.270270
0.108108
0.027027
0.081081
0.162162
0.054054
0.189189
0.108108
0.108108
0.162162
0.135135
0.081081
0.162162
0.108108
0.027027
0.189189
0.108108
0.135135
0.027027
0.189189
0.000000
0.054054
0.135135
0.135135
0.216216
0.108108
0.108108
0.108108
0.108108
