0.082474
0.061856
0.051546
0.051546
0.092784
0.041237
0.051546
0.072165
0.041237
0.051546
0.051546
0.072165
0.020619
0.061856
0.072165
0.020619
0.041237
0.030928
0.051546
0.113402
0.061856
0.041237
0.092784
0.030928
0.051546
0.092784
0.051546
0.412371
0.082474
0.020619
0.123711
0.041237
0.092784
0.123711
0.082474
0.092784
0.041237
0.020619
0.103093
0.072165
0.041237
0.072165
0.061856
0.051546
0.113402
0.030928
0.041237
0.103093
0.082474
0.020619
0.051546
0.082474
0.082474
0.072165
0.092784
0.041237
0.072165
0.030928
0.144330
0.051546
0.123711
0.041237
0.061856
0.041237
0.092784
0.051546
0.072165
0.113402
0.072165
0.103093
0.463918
0.030928
0.082474
0.051546
0.092784
0.082474
0.061856
0.051546
0.061856
0.072165
0.103093
0.041237
0.092784
0.020619
0.051546
0.041237
0.484536
0.061856
0.134021
0.113402
0.082474
0.103093
0.082474
0.061856
0.082474
0.061856
0.020619
0.072165
0.082474
0.041237
0.082474
0.082474
0.474227
0.010309
0.082474
0.051546
0.061856
0.041237
0.113402
0.061856
0.051546
0.051546
0.103093
0.051546
0.020619
0.061856
0.041237
0.030928
0.082474
0.030928
0.103093
0.092784
0.041237
0.123711
0.030928
0.144330
0.030928
0.072165
0.030928
0.134021
0.092784
0.061856
0.103093
0.030928
0.020619
0.051546
0.041237
0.061856
0.103093
0.092784
0.030928
0.061856
0.020619
0.041237
0.061856
0.092784
0.030928
0.051546
0.144330
0.041237
0.041237
0.072165
0.041237
0.061856
0.061856
0.072165
0.051546
0.092784
0.030928
0.051546
0.103093
0.020619
0.061856
0.092784
0.010309
0.072165
0.051546
0.134021
0.041237
0.020619
0.103093
0.082474
0.051546
0.474227
0.092784
0.144330
0.041237
0.092784
0.061856
0.123711
0.051546
0.072165
0.144330
0.123711
0.082474
0.072165
0.030928
0.082474
0.072165
0.463918
0.103093
0.051546
0.030928
0.041237
0.082474
0.061856
0.082474
0.061856
0.030928
0.041237
0.010309
0.082474
0.072165
0.051546
0.061856
0.051546
0.041237
0.020619
0.051546
0.041237
0.082474
0.103093
0.051546
0.051546
0.072165
0.103093
0.113402
0.061856
0.030928
0.051546
0.041237
0.092784
0.041237
0.072165
0.061856
0.051546
0.072165
0.051546
0.020619
0.030928
0.041237
0.041237
0.030928
0.082474
0.092784
0.072165
0.113402
0.072165
0.278351
0.041237
0.041237
0.061856
0.092784
0.051546
0.072165
0.061856
0.020619
0.041237
0.051546
0.474227
0.030928
0.051546
0.082474
0.082474
0.061856
0.092784
0.041237
0.020619
0.051546
0.092784
0.474227
0.051546
0.051546
0.113402
0.092784
0.082474
0.030928
0.072165
0.030928
0.082474
0.041237
0.051546
0.030928
0.082474
0.113402
0.051546
0.072165
0.092784
0.051546
0.072165
0.092784
0.082474
0.103093
0.051546
0.051546
0.051546
0.092784
0.061856
0.164948
0.061856
0.051546
0.051546
0.020619
0.072165
0.123711
0.072165
0.113402
0.082474
0.072165
0.092784
