0.282051
0.170940
0.188034
0.094017
0.145299
0.128205
0.239316
0.222222
0.128205
0.162393
0.136752
0.136752
0.170940
0.196581
0.188034
0.170940
0.145299
0.153846
0.162393
0.128205
0.230769
0.170940
0.153846
0.196581
0.213675
0.264957
0.213675
0.179487
0.162393
0.213675
0.145299
0.145299
0.179487
0.196581
0.153846
0.230769
0.222222
0.179487
0.170940
0.282051
0.188034
0.213675
0.145299
0.188034
0.170940
0.162393
0.196581
0.179487
0.213675
0.136752
0.170940
0.205128
0.170940
0.188034
0.196581
0.179487
0.179487
0.205128
0.128205
0.170940
0.136752
0.188034
0.230769
0.136752
0.222222
0.153846
0.170940
0.153846
0.119658
0.145299
0.205128
0.188034
0.179487
0.196581
0.145299
0.162393
0.170940
0.145299
0.170940
0.196581
0.299145
0.119658
0.128205
0.170940
0.179487
0.196581
0.188034
0.128205
0.145299
0.153846
0.153846
0.188034
0.145299
0.145299
0.162393
0.196581
0.179487
0.136752
0.179487
0.222222
0.145299
0.162393
0.239316
0.162393
0.170940
0.282051
0.230769
0.170940
0.222222
0.102564
0.256410
0.170940
0.273504
0.213675
0.205128
0.213675
0.230769
0.205128
0.213675
0.213675
0.162393
0.179487
0.179487
0.179487
0.205128
0.230769
0.170940
0.128205
0.136752
0.128205
0.256410
0.239316
0.162393
0.205128
0.188034
0.188034
0.128205
0.213675
0.247863
0.102564
0.179487
0.170940
0.153846
0.153846
0.188034
0.102564
0.128205
0.188034
0.205128
0.247863
0.111111
0.222222
0.170940
0.222222
0.196581
0.145299
0.085470
0.119658
0.205128
0.230769
0.119658
0.247863
0.179487
0.205128
0.188034
0.179487
0.153846
0.145299
0.205128
0.239316
0.170940
0.222222
0.170940
0.188034
0.196581
0.205128
0.153846
0.162393
0.222222
0.179487
0.179487
0.145299
0.213675
0.205128
0.145299
0.128205
0.239316
0.179487
0.170940
0.162393
0.170940
0.179487
0.179487
0.239316
0.162393
0.196581
0.170940
0.111111
0.188034
0.179487
0.145299
0.136752
0.188034
0.153846
0.128205
0.170940
0.153846
0.162393
0.213675
0.273504
0.179487
0.316239
0.170940
0.222222
0.188034
0.196581
0.170940
0.162393
0.222222
0.205128
0.153846
0.094017
0.162393
0.128205
0.162393
0.170940
0.102564
0.333333
0.264957
0.128205
0.136752
0.256410
0.162393
0.085470
0.239316
0.153846
0.136752
0.205128
0.205128
0.222222
0.205128
0.188034
0.205128
0.153846
0.205128
0.188034
0.179487
0.111111
0.162393
0.205128
0.170940
0.213675
0.230769
0.230769
0.196581
0.179487
0.196581
0.119658
0.196581
0.179487
0.205128
0.145299
0.179487
0.256410
0.162393
0.170940
0.239316
0.153846
0.188034
0.179487
0.162393
0.162393
0.188034
0.196581
0.111111
0.153846
0.179487
0.170940
0.196581
0.213675
0.205128
0.256410
0.153846
0.205128
0.247863
0.170940
0.179487
0.256410
0.196581
0.119658
0.170940
0.136752
0.256410
0.153846
0.222222
0.170940
0.153846
0.256410
0.170940
0.179487
