0.259740
0.441558
0.441558
0.181818
0.285714
0.168831
0.480519
0.532468
0.480519
0.168831
0.480519
0.155844
0.155844
0.168831
0.155844
0.155844
0.467532
0.246753
0.285714
0.207792
0.493506
0.480519
0.480519
0.506494
0.441558
0.324675
0.272727
0.493506
0.480519
0.480519
0.155844
0.597403
0.220779
0.441558
0.506494
0.194805
0.181818
0.480519
0.155844
0.493506
0.194805
0.480519
0.181818
0.194805
0.220779
0.493506
0.506494
0.480519
0.480519
0.545455
0.467532
0.285714
0.441558
0.142857
0.454545
0.311688
0.181818
0.480519
0.207792
0.116883
0.181818
0.181818
0.194805
0.467532
0.532468
0.090909
0.181818
0.142857
0.480519
0.493506
0.116883
0.233766
0.168831
0.246753
0.480519
0.415584
0.233766
0.194805
0.493506
0.272727
0.493506
0.051948
0.428571
0.480519
0.480519
0.480519
0.103896
0.441558
0.376623
0.363636
0.480519
0.480519
0.207792
0.207792
0.168831
0.129870
0.155844
0.129870
0.207792
0.155844
0.376623
0.324675
0.181818
0.480519
0.194805
0.480519
0.480519
0.155844
0.090909
0.493506
0.467532
0.480519
0.233766
0.350649
0.467532
0.324675
0.090909
0.311688
0.480519
0.233766
0.584416
0.220779
0.246753
0.220779
0.480519
0.480519
0.480519
0.389610
0.350649
0.480519
0.532468
0.480519
0.259740
0.220779
0.142857
0.181818
0.311688
0.181818
0.272727
0.285714
0.389610
0.129870
0.155844
0.233766
0.480519
0.467532
0.480519
0.220779
0.532468
0.233766
0.272727
0.467532
0.480519
0.194805
0.298701
0.220779
0.155844
0.220779
0.220779
0.207792
0.441558
0.350649
0.337662
0.233766
0.259740
0.480519
0.480519
0.480519
0.376623
0.480519
0.220779
0.259740
0.480519
0.259740
0.220779
0.220779
0.402597
0.181818
0.376623
0.389610
0.493506
0.480519
0.194805
0.506494
0.480519
0.207792
0.298701
0.207792
0.194805
0.415584
0.519481
0.519481
0.766234
0.207792
0.298701
0.155844
0.480519
0.142857
0.090909
0.233766
0.480519
0.480519
0.155844
0.493506
0.480519
0.415584
0.480519
0.207792
0.298701
0.194805
0.402597
0.480519
0.480519
0.623377
0.480519
0.233766
0.285714
0.168831
0.103896
0.142857
0.246753
0.246753
0.480519
0.168831
0.480519
0.233766
0.220779
0.480519
0.246753
0.454545
0.519481
0.285714
0.207792
0.272727
0.207792
0.480519
0.480519
0.454545
0.350649
0.129870
0.116883
0.233766
0.454545
0.272727
0.480519
0.350649
0.662338
0.233766
0.129870
0.493506
0.350649
0.389610
0.480519
0.467532
0.480519
0.480519
0.142857
0.142857
0.155844
0.558442
0.116883
0.246753
0.389610
0.181818
0.636364
0.532468
0.480519
0.389610
0.480519
0.311688
0.181818
0.116883
0.155844
0.233766
0.441558
0.272727
0.233766
0.220779
0.311688
0.454545
0.402597
0.467532
0.194805
0.298701
0.415584
0.493506
0.727273
0.272727
0.233766
0.480519
0.285714
0.168831
0.428571
0.181818
0.532468
0.532468
0.584416
0.480519
0.233766
0.402597
