0.113402
0.113402
0.123711
0.103093
0.113402
0.082474
0.082474
0.123711
0.082474
0.123711
0.061856
0.164948
0.092784
0.113402
0.123711
0.061856
0.092784
0.082474
0.144330
0.134021
0.092784
0.061856
0.134021
0.134021
0.144330
0.164948
0.144330
0.092784
0.144330
0.020619
0.134021
0.072165
0.154639
0.123711
0.103093
0.113402
0.041237
0.061856
0.144330
0.164948
0.082474
0.092784
0.103093
0.103093
0.164948
0.082474
0.103093
0.123711
0.144330
0.072165
0.154639
0.092784
0.103093
0.144330
0.134021
0.123711
0.082474
0.072165
0.195876
0.092784
0.164948
0.134021
0.103093
0.061856
0.164948
0.123711
0.072165
0.175258
0.134021
0.175258
0.237113
0.072165
0.113402
0.103093
0.113402
0.061856
0.103093
0.051546
0.123711
0.103093
0.103093
0.030928
0.082474
0.123711
0.144330
0.123711
0.113402
0.103093
0.144330
0.134021
0.134021
0.113402
0.092784
0.092784
0.103093
0.144330
0.082474
0.113402
0.113402
0.123711
0.113402
0.113402
0.164948
0.051546
0.072165
0.144330
0.082474
0.103093
0.123711
0.164948
0.061856
0.113402
0.134021
0.113402
0.051546
0.113402
0.082474
0.041237
0.113402
0.061856
0.113402
0.113402
0.113402
0.123711
0.144330
0.185567
0.092784
0.103093
0.082474
0.144330
0.103093
0.113402
0.185567
0.092784
0.113402
0.092784
0.092784
0.113402
0.154639
0.113402
0.041237
0.041237
0.092784
0.041237
0.185567
0.154639
0.103093
0.061856
0.154639
0.072165
0.144330
0.164948
0.092784
0.144330
0.061856
0.144330
0.164948
0.113402
0.082474
0.154639
0.123711
0.082474
0.061856
0.144330
0.092784
0.103093
0.113402
0.154639
0.082474
0.072165
0.123711
0.134021
0.134021
0.123711
0.144330
0.144330
0.092784
0.144330
0.113402
0.154639
0.123711
0.123711
0.154639
0.134021
0.144330
0.113402
0.103093
0.113402
0.113402
0.092784
0.123711
0.134021
0.072165
0.092784
0.123711
0.113402
0.103093
0.134021
0.072165
0.103093
0.051546
0.185567
0.144330
0.092784
0.113402
0.113402
0.113402
0.082474
0.103093
0.020619
0.123711
0.103093
0.082474
0.134021
0.154639
0.175258
0.195876
0.113402
0.092784
0.123711
0.103093
0.134021
0.103093
0.154639
0.113402
0.134021
0.113402
0.103093
0.082474
0.082474
0.061856
0.092784
0.123711
0.103093
0.154639
0.134021
0.123711
0.082474
0.092784
0.072165
0.082474
0.051546
0.144330
0.103093
0.082474
0.123711
0.103093
0.041237
0.123711
0.123711
0.072165
0.092784
0.164948
0.134021
0.144330
0.082474
0.092784
0.010309
0.092784
0.123711
0.164948
0.103093
0.134021
0.175258
0.092784
0.103093
0.041237
0.082474
0.092784
0.103093
0.134021
0.144330
0.082474
0.185567
0.154639
0.092784
0.154639
0.123711
0.164948
0.113402
0.082474
0.092784
0.144330
0.123711
0.134021
0.061856
0.154639
0.113402
0.175258
0.144330
0.123711
0.092784
0.072165
0.072165
0.164948
0.051546
0.123711
0.123711
0.134021
0.134021
