0.226804
0.164948
0.175258
0.175258
0.092784
0.237113
0.185567
0.226804
0.288660
0.278351
0.175258
0.237113
0.154639
0.144330
0.144330
0.144330
0.134021
0.134021
0.134021
0.206186
0.144330
0.340206
0.103093
0.092784
0.144330
0.237113
0.113402
0.185567
0.185567
0.164948
0.175258
0.185567
0.175258
0.185567
0.144330
0.195876
0.226804
0.195876
0.185567
0.164948
0.103093
0.329897
0.185567
0.144330
0.226804
0.257732
0.134021
0.175258
0.164948
0.061856
0.226804
0.144330
0.206186
0.185567
0.164948
0.154639
0.164948
0.185567
0.185567
0.123711
0.164948
0.144330
0.144330
0.206186
0.278351
0.123711
0.195876
0.134021
0.154639
0.216495
0.164948
0.216495
0.195876
0.175258
0.154639
0.278351
0.144330
0.216495
0.082474
0.195876
0.144330
0.144330
0.195876
0.164948
0.185567
0.154639
0.144330
0.154639
0.206186
0.103093
0.082474
0.144330
0.154639
0.206186
0.175258
0.144330
0.103093
0.123711
0.298969
0.154639
0.206186
0.103093
0.247423
0.164948
0.134021
0.175258
0.278351
0.226804
0.134021
0.175258
0.175258
0.195876
0.123711
0.185567
0.226804
0.144330
0.103093
0.134021
0.237113
0.206186
0.123711
0.134021
0.175258
0.185567
0.206186
0.154639
0.123711
0.103093
0.144330
0.195876
0.216495
0.134021
0.206186
0.195876
0.175258
0.164948
0.123711
0.113402
0.195876
0.360825
0.154639
0.226804
0.226804
0.164948
0.175258
0.257732
0.113402
0.195876
0.216495
0.206186
0.061856
0.195876
0.092784
0.134021
0.329897
0.185567
0.154639
0.092784
0.226804
0.144330
0.164948
0.103093
0.072165
0.237113
0.278351
0.226804
0.185567
0.185567
0.226804
0.164948
0.164948
0.113402
0.185567
0.144330
0.175258
0.123711
0.154639
0.113402
0.082474
0.185567
0.206186
0.123711
0.257732
0.164948
0.134021
0.175258
0.288660
0.134021
0.092784
0.268041
0.206186
0.051546
0.237113
0.185567
0.288660
0.216495
0.113402
0.216495
0.185567
0.175258
0.144330
0.154639
0.144330
0.195876
0.082474
0.175258
0.195876
0.123711
0.123711
0.206186
0.113402
0.226804
0.175258
0.113402
0.195876
0.175258
0.185567
0.175258
0.216495
0.092784
0.185567
0.103093
0.103093
0.082474
0.123711
0.144330
0.123711
0.175258
0.175258
0.195876
0.103093
0.154639
0.216495
0.195876
0.175258
0.144330
0.123711
0.309278
0.206186
0.144330
0.144330
0.113402
0.185567
0.113402
0.134021
0.247423
0.134021
0.216495
0.216495
0.257732
0.092784
0.123711
0.134021
0.164948
0.247423
0.144330
0.216495
0.092784
0.164948
0.092784
0.226804
0.216495
0.226804
0.206186
0.206186
0.154639
0.164948
0.154639
0.154639
0.206186
0.195876
0.206186
0.134021
0.185567
0.113402
0.226804
0.164948
0.175258
0.113402
0.216495
0.103093
0.082474
0.226804
0.164948
0.185567
0.134021
0.175258
0.154639
0.164948
0.175258
0.123711
0.195876
0.144330
0.134021
0.051546
0.206186
0.185567
0.123711
0.237113
0.164948
