0.473684
0.526316
0.578947
0.228070
0.122807
0.175439
0.210526
0.894737
0.140351
0.298246
0.157895
0.771930
0.473684
0.122807
0.543860
0.070175
0.666667
0.456140
0.438596
0.122807
0.105263
0.192982
0.561404
0.561404
0.403509
0.122807
0.754386
0.526316
0.666667
0.596491
0.140351
0.421053
0.298246
0.614035
0.087719
0.175439
0.192982
0.263158
0.456140
0.649123
0.140351
0.087719
0.421053
0.140351
0.333333
0.596491
0.403509
0.596491
0.631579
0.333333
0.122807
0.333333
0.438596
0.473684
0.701754
0.105263
0.421053
0.614035
0.140351
0.596491
0.105263
0.210526
0.578947
0.333333
0.561404
0.105263
0.701754
0.491228
0.684211
0.491228
0.105263
0.087719
0.280702
0.298246
0.543860
0.192982
0.157895
0.140351
0.157895
0.526316
0.508772
0.385965
0.578947
0.736842
0.385965
0.157895
0.105263
0.192982
0.105263
0.175439
0.157895
0.140351
0.122807
0.192982
0.157895
0.140351
0.140351
0.140351
0.298246
0.631579
0.298246
0.385965
0.526316
0.315789
0.192982
0.157895
0.175439
0.122807
0.140351
0.210526
0.105263
0.105263
0.157895
0.228070
0.122807
0.192982
0.070175
0.210526
0.122807
0.508772
0.403509
0.315789
0.578947
0.508772
0.298246
0.140351
0.157895
0.140351
0.105263
0.526316
0.140351
0.245614
0.140351
0.526316
0.736842
0.105263
0.105263
0.105263
0.175439
0.526316
0.122807
0.438596
0.631579
0.280702
0.157895
0.140351
0.175439
0.175439
0.473684
0.491228
0.649123
0.333333
0.263158
0.684211
0.561404
0.122807
0.122807
0.192982
0.052632
0.175439
0.736842
0.543860
0.631579
0.070175
0.105263
0.122807
0.122807
0.140351
0.157895
0.157895
0.087719
0.140351
0.140351
0.140351
0.122807
0.175439
0.210526
0.157895
0.087719
0.157895
0.122807
0.140351
0.157895
0.157895
0.087719
0.157895
0.192982
0.140351
0.157895
0.263158
0.175439
0.122807
0.122807
0.140351
0.192982
0.175439
0.157895
0.087719
0.526316
0.614035
0.333333
0.666667
0.368421
0.578947
0.385965
0.192982
0.192982
0.105263
0.122807
0.140351
0.105263
0.192982
0.245614
0.157895
0.140351
0.140351
0.175439
0.122807
0.157895
0.157895
0.140351
0.175439
0.140351
0.245614
0.122807
0.122807
0.157895
0.175439
0.157895
0.192982
0.105263
0.157895
0.087719
0.122807
0.157895
0.105263
0.228070
0.157895
0.526316
0.701754
0.543860
0.421053
0.649123
0.315789
0.122807
0.140351
0.157895
0.140351
0.157895
0.122807
0.175439
0.157895
0.140351
0.105263
0.210526
0.140351
0.105263
0.105263
0.140351
0.157895
0.122807
0.017544
0.087719
0.245614
0.087719
0.122807
0.070175
0.140351
0.157895
0.157895
0.122807
0.140351
0.122807
0.105263
0.140351
0.105263
0.070175
0.210526
0.526316
0.438596
0.491228
0.245614
0.526316
0.508772
0.631579
0.105263
0.245614
0.157895
0.140351
0.157895
0.122807
0.140351
0.122807
0.122807
0.228070
0.105263
0.122807
0.210526
0.122807
0.157895
