0.486486
0.216216
0.081081
0.378378
0.081081
0.054054
0.432432
0.000000
0.054054
0.054054
0.081081
0.108108
0.027027
0.027027
0.540541
0.054054
0.486486
0.270270
0.027027
0.027027
0.162162
0.324324
0.027027
0.054054
0.486486
0.000000
0.081081
0.243243
0.000000
0.162162
0.513514
0.081081
0.081081
0.027027
0.324324
0.189189
0.027027
0.351351
0.108108
0.108108
0.270270
0.081081
0.054054
0.378378
0.486486
0.054054
0.054054
0.486486
0.000000
0.027027
0.270270
0.081081
0.513514
0.108108
0.000000
0.081081
0.027027
0.297297
0.027027
0.054054
0.108108
0.054054
0.027027
0.486486
0.027027
0.000000
0.135135
0.432432
0.027027
0.027027
0.189189
0.027027
0.000000
0.135135
0.054054
0.027027
0.081081
0.486486
0.081081
0.000000
0.486486
0.027027
0.054054
0.486486
0.027027
0.216216
0.135135
0.027027
0.162162
0.027027
0.297297
0.027027
0.054054
0.270270
0.081081
0.000000
0.432432
0.000000
0.027027
0.189189
0.486486
0.000000
0.027027
0.513514
0.162162
0.108108
0.513514
0.081081
0.486486
0.486486
0.000000
0.081081
0.054054
0.270270
0.027027
0.054054
0.486486
0.054054
0.000000
0.135135
0.027027
0.432432
0.243243
0.027027
0.054054
0.000000
0.513514
0.027027
0.027027
0.513514
0.027027
0.081081
0.378378
0.054054
0.000000
0.216216
0.189189
0.081081
0.081081
0.486486
0.000000
0.108108
0.486486
0.054054
0.486486
0.486486
0.027027
0.054054
0.054054
0.297297
0.000000
0.054054
0.486486
0.135135
0.000000
0.567568
0.000000
0.513514
0.486486
0.027027
0.027027
0.000000
0.243243
0.081081
0.054054
0.486486
0.108108
0.108108
0.486486
0.108108
0.000000
0.432432
0.486486
0.081081
0.108108
0.486486
0.108108
0.000000
0.351351
0.108108
0.486486
0.297297
0.027027
0.054054
0.027027
0.513514
0.027027
0.108108
0.486486
0.000000
0.567568
0.054054
0.027027
0.054054
0.081081
0.432432
0.054054
0.027027
0.513514
0.054054
0.027027
0.054054
0.054054
0.081081
0.000000
0.486486
0.054054
0.108108
0.486486
0.108108
0.000000
0.513514
0.027027
0.027027
0.486486
0.432432
0.189189
0.027027
0.540541
0.081081
0.054054
0.756757
0.027027
0.513514
0.189189
0.486486
0.135135
0.108108
0.513514
0.000000
0.027027
0.513514
0.027027
0.513514
0.486486
0.135135
0.081081
0.027027
0.405405
0.081081
0.027027
0.054054
0.081081
0.513514
0.351351
0.135135
0.027027
0.054054
0.486486
0.108108
0.027027
0.486486
0.108108
0.513514
0.081081
0.000000
0.054054
0.000000
0.324324
0.054054
0.027027
0.324324
0.027027
0.486486
0.027027
0.000000
0.027027
0.081081
0.567568
0.027027
0.000000
0.324324
0.135135
0.486486
0.027027
0.027027
0.081081
0.054054
0.027027
0.027027
0.027027
0.486486
0.054054
0.297297
0.027027
0.027027
0.000000
0.081081
0.432432
0.054054
0.054054
0.270270
0.054054
0.486486
0.081081
0.054054
0.054054
0.081081
0.135135
0.054054
