0.179487
0.162393
0.111111
0.170940
0.162393
0.188034
0.188034
0.111111
0.179487
0.119658
0.196581
0.128205
0.145299
0.145299
0.111111
0.145299
0.230769
0.128205
0.145299
0.102564
0.196581
0.128205
0.179487
0.162393
0.196581
0.222222
0.119658
0.188034
0.145299
0.162393
0.102564
0.179487
0.076923
0.102564
0.102564
0.153846
0.094017
0.213675
0.162393
0.153846
0.316239
0.196581
0.153846
0.162393
0.145299
0.119658
0.179487
0.222222
0.162393
0.153846
0.136752
0.239316
0.153846
0.196581
0.128205
0.145299
0.111111
0.247863
0.188034
0.153846
0.170940
0.128205
0.119658
0.102564
0.256410
0.136752
0.205128
0.170940
0.153846
0.128205
0.170940
0.188034
0.153846
0.239316
0.145299
0.119658
0.273504
0.247863
0.188034
0.102564
0.128205
0.128205
0.085470
0.188034
0.179487
0.179487
0.179487
0.179487
0.170940
0.153846
0.188034
0.205128
0.162393
0.145299
0.136752
0.111111
0.136752
0.170940
0.119658
0.222222
0.170940
0.205128
0.145299
0.128205
0.222222
0.111111
0.085470
0.153846
0.205128
0.145299
0.170940
0.119658
0.145299
0.196581
0.179487
0.196581
0.230769
0.188034
0.170940
0.162393
0.102564
0.179487
0.273504
0.128205
0.145299
0.222222
0.153846
0.188034
0.170940
0.145299
0.128205
0.128205
0.188034
0.205128
0.188034
0.136752
0.111111
0.179487
0.196581
0.145299
0.162393
0.136752
0.094017
0.162393
0.188034
0.239316
0.119658
0.213675
0.179487
0.170940
0.111111
0.136752
0.128205
0.256410
0.162393
0.188034
0.136752
0.136752
0.136752
0.153846
0.119658
0.119658
0.145299
0.222222
0.145299
0.188034
0.085470
0.162393
0.128205
0.145299
0.153846
0.196581
0.196581
0.094017
0.170940
0.162393
0.102564
0.128205
0.162393
0.162393
0.128205
0.145299
0.179487
0.196581
0.239316
0.213675
0.102564
0.153846
0.170940
0.162393
0.196581
0.128205
0.111111
0.119658
0.179487
0.119658
0.222222
0.145299
0.230769
0.188034
0.128205
0.196581
0.153846
0.170940
0.170940
0.085470
0.136752
0.179487
0.102564
0.128205
0.196581
0.179487
0.153846
0.145299
0.136752
0.128205
0.162393
0.145299
0.119658
0.119658
0.162393
0.153846
0.179487
0.188034
0.136752
0.102564
0.153846
0.102564
0.170940
0.205128
0.111111
0.085470
0.085470
0.136752
0.162393
0.247863
0.153846
0.153846
0.153846
0.145299
0.188034
0.196581
0.128205
0.230769
0.256410
0.256410
0.170940
0.111111
0.119658
0.153846
0.179487
0.179487
0.136752
0.170940
0.128205
0.196581
0.145299
0.247863
0.102564
0.196581
0.162393
0.119658
0.162393
0.136752
0.128205
0.239316
0.128205
0.136752
0.153846
0.179487
0.188034
0.145299
0.188034
0.102564
0.170940
0.153846
0.136752
0.153846
0.128205
0.179487
0.145299
0.299145
0.136752
0.205128
0.162393
0.153846
0.153846
0.111111
0.179487
0.145299
0.170940
0.128205
0.256410
0.094017
0.153846
0.179487
0.170940
0.102564
0.059829
0.179487
