0.119658
0.128205
0.059829
0.094017
0.068376
0.102564
0.136752
0.068376
0.051282
0.076923
0.153846
0.034188
0.051282
0.094017
0.119658
0.076923
0.051282
0.102564
0.128205
0.094017
0.102564
0.076923
0.085470
0.119658
0.076923
0.153846
0.059829
0.094017
0.153846
0.068376
0.162393
0.145299
0.068376
0.094017
0.128205
0.068376
0.111111
0.068376
0.119658
0.102564
0.128205
0.128205
0.145299
0.136752
0.128205
0.119658
0.145299
0.136752
0.085470
0.059829
0.128205
0.128205
0.042735
0.111111
0.076923
0.119658
0.102564
0.059829
0.119658
0.076923
0.145299
0.119658
0.068376
0.128205
0.111111
0.051282
0.102564
0.111111
0.051282
0.145299
0.102564
0.230769
0.153846
0.119658
0.051282
0.111111
0.136752
0.136752
0.085470
0.102564
0.068376
0.042735
0.051282
0.102564
0.059829
0.059829
0.128205
0.051282
0.068376
0.111111
0.085470
0.128205
0.111111
0.085470
0.111111
0.094017
0.085470
0.094017
0.111111
0.119658
0.222222
0.059829
0.085470
0.076923
0.128205
0.102564
0.059829
0.102564
0.034188
0.068376
0.119658
0.145299
0.051282
0.128205
0.042735
0.179487
0.042735
0.059829
0.119658
0.145299
0.042735
0.145299
0.094017
0.136752
0.128205
0.102564
0.094017
0.162393
0.094017
0.102564
0.145299
0.111111
0.111111
0.008547
0.119658
0.025641
0.051282
0.145299
0.102564
0.119658
0.136752
0.162393
0.128205
0.111111
0.102564
0.059829
0.051282
0.128205
0.119658
0.076923
0.102564
0.059829
0.068376
0.085470
0.128205
0.034188
0.085470
0.085470
0.068376
0.051282
0.153846
0.094017
0.094017
0.136752
0.145299
0.051282
0.111111
0.170940
0.059829
0.102564
0.119658
0.042735
0.111111
0.085470
0.059829
0.128205
0.119658
0.136752
0.094017
0.042735
0.085470
0.145299
0.034188
0.042735
0.145299
0.094017
0.153846
0.094017
0.068376
0.068376
0.068376
0.128205
0.068376
0.111111
0.076923
0.102564
0.145299
0.119658
0.051282
0.145299
0.068376
0.025641
0.128205
0.119658
0.111111
0.188034
0.076923
0.111111
0.068376
0.102564
0.119658
0.076923
0.153846
0.102564
0.068376
0.042735
0.102564
0.034188
0.034188
0.042735
0.136752
0.136752
0.094017
0.094017
0.094017
0.145299
0.128205
0.153846
0.042735
0.128205
0.085470
0.085470
0.136752
0.085470
0.153846
0.145299
0.119658
0.059829
0.068376
0.119658
0.085470
0.042735
0.119658
0.068376
0.059829
0.111111
0.085470
0.068376
0.153846
0.128205
0.119658
0.034188
0.076923
0.119658
0.094017
0.076923
0.145299
0.111111
0.119658
0.059829
0.128205
0.059829
0.119658
0.162393
0.102564
0.111111
0.145299
0.076923
0.111111
0.162393
0.059829
0.102564
0.051282
0.170940
0.136752
0.085470
0.102564
0.051282
0.094017
0.068376
0.059829
0.119658
0.076923
0.059829
0.128205
0.111111
0.145299
0.102564
0.068376
0.111111
0.051282
0.119658
0.094017
0.128205
0.094017
0.085470
0.034188
0.059829
0.068376
0.076923
