0.474227
0.360825
0.360825
0.742268
0.453608
0.113402
0.536082
0.597938
0.144330
0.350515
0.453608
0.123711
0.319588
0.546392
0.226804
0.154639
0.134021
0.402062
0.525773
0.185567
0.525773
0.608247
0.515464
0.206186
0.206186
0.329897
0.402062
0.536082
0.164948
0.195876
0.432990
0.216495
0.319588
0.134021
0.494845
0.402062
0.288660
0.474227
0.701031
0.639175
0.381443
0.329897
0.154639
0.577320
0.164948
0.185567
0.185567
0.195876
0.443299
0.690722
0.422680
0.185567
0.845361
0.144330
0.144330
0.134021
0.185567
0.412371
0.237113
0.195876
0.597938
0.422680
0.412371
0.525773
0.185567
0.134021
0.494845
0.175258
0.226804
0.144330
0.216495
0.474227
0.463918
0.453608
0.278351
0.474227
0.484536
0.216495
0.164948
0.154639
0.164948
0.154639
0.525773
0.680412
0.515464
0.381443
0.597938
0.144330
0.206186
0.556701
0.319588
0.536082
0.175258
0.226804
0.092784
0.257732
0.103093
0.123711
0.474227
0.195876
0.309278
0.144330
0.216495
0.237113
0.628866
0.731959
0.597938
0.185567
0.762887
0.422680
0.505155
0.175258
0.268041
0.195876
0.185567
0.164948
0.185567
0.226804
0.206186
0.164948
0.226804
0.226804
0.154639
0.567010
0.463918
0.536082
0.154639
0.175258
0.567010
0.257732
0.814433
0.525773
0.773196
0.546392
0.164948
0.587629
0.154639
0.185567
0.185567
0.185567
0.257732
0.216495
0.185567
0.154639
0.185567
0.175258
0.103093
0.494845
0.195876
0.134021
0.164948
0.587629
0.278351
0.185567
0.432990
0.690722
0.402062
0.298969
0.144330
0.164948
0.185567
0.154639
0.206186
0.154639
0.195876
0.195876
0.154639
0.134021
0.144330
0.443299
0.268041
0.113402
0.618557
0.175258
0.123711
0.175258
0.690722
0.268041
0.608247
0.329897
0.134021
0.144330
0.113402
0.185567
0.247423
0.237113
0.164948
0.134021
0.164948
0.154639
0.164948
0.154639
0.226804
0.154639
0.144330
0.206186
0.134021
0.092784
0.175258
0.164948
0.164948
0.257732
0.154639
0.175258
0.701031
0.701031
0.154639
0.175258
0.154639
0.381443
0.237113
0.773196
0.164948
0.164948
0.206186
0.185567
0.134021
0.226804
0.144330
0.113402
0.134021
0.484536
0.432990
0.154639
0.587629
0.577320
0.721649
0.195876
0.721649
0.195876
0.164948
0.391753
0.773196
0.164948
0.154639
0.216495
0.134021
0.144330
0.123711
0.113402
0.103093
0.144330
0.164948
0.185567
0.175258
0.237113
0.216495
0.144330
0.164948
0.319588
0.134021
0.412371
0.123711
0.175258
0.195876
0.185567
0.175258
0.195876
0.164948
0.463918
0.144330
0.164948
0.164948
0.185567
0.226804
0.123711
0.175258
0.587629
0.814433
0.247423
0.618557
0.175258
0.195876
0.103093
0.268041
0.206186
0.226804
0.103093
0.175258
0.226804
0.278351
0.752577
0.113402
0.185567
0.453608
0.453608
0.175258
0.123711
0.206186
0.237113
0.134021
0.144330
0.247423
0.164948
0.298969
0.185567
0.432990
0.195876
0.144330
0.154639
