0.170940
0.153846
0.094017
0.128205
0.128205
0.179487
0.145299
0.068376
0.111111
0.145299
0.196581
0.076923
0.136752
0.170940
0.170940
0.128205
0.042735
0.094017
0.111111
0.162393
0.102564
0.085470
0.085470
0.179487
0.111111
0.230769
0.076923
0.145299
0.179487
0.128205
0.153846
0.170940
0.119658
0.076923
0.162393
0.136752
0.136752
0.136752
0.128205
0.119658
0.145299
0.136752
0.153846
0.128205
0.128205
0.119658
0.153846
0.170940
0.119658
0.102564
0.128205
0.136752
0.119658
0.179487
0.076923
0.162393
0.128205
0.094017
0.153846
0.085470
0.162393
0.170940
0.111111
0.145299
0.111111
0.111111
0.119658
0.094017
0.111111
0.153846
0.145299
0.247863
0.170940
0.153846
0.042735
0.145299
0.162393
0.128205
0.128205
0.119658
0.119658
0.094017
0.085470
0.111111
0.059829
0.059829
0.128205
0.059829
0.076923
0.162393
0.119658
0.111111
0.111111
0.145299
0.145299
0.111111
0.085470
0.085470
0.128205
0.136752
0.264957
0.102564
0.094017
0.119658
0.188034
0.128205
0.128205
0.111111
0.102564
0.076923
0.145299
0.128205
0.111111
0.170940
0.059829
0.179487
0.085470
0.085470
0.136752
0.196581
0.068376
0.153846
0.102564
0.153846
0.111111
0.102564
0.094017
0.170940
0.111111
0.119658
0.136752
0.111111
0.136752
0.051282
0.128205
0.059829
0.170940
0.136752
0.145299
0.094017
0.136752
0.145299
0.128205
0.179487
0.119658
0.102564
0.119658
0.094017
0.128205
0.102564
0.145299
0.076923
0.068376
0.111111
0.170940
0.085470
0.102564
0.111111
0.102564
0.076923
0.162393
0.085470
0.136752
0.188034
0.170940
0.119658
0.145299
0.119658
0.119658
0.094017
0.153846
0.068376
0.162393
0.094017
0.094017
0.145299
0.179487
0.136752
0.128205
0.051282
0.179487
0.145299
0.085470
0.094017
0.119658
0.111111
0.196581
0.094017
0.076923
0.076923
0.128205
0.162393
0.111111
0.128205
0.111111
0.102564
0.153846
0.094017
0.085470
0.179487
0.068376
0.076923
0.119658
0.128205
0.111111
0.188034
0.076923
0.136752
0.094017
0.136752
0.119658
0.111111
0.162393
0.102564
0.094017
0.094017
0.145299
0.085470
0.051282
0.094017
0.153846
0.205128
0.102564
0.153846
0.119658
0.170940
0.196581
0.179487
0.102564
0.145299
0.153846
0.119658
0.162393
0.119658
0.179487
0.162393
0.170940
0.136752
0.068376
0.128205
0.119658
0.059829
0.128205
0.085470
0.068376
0.128205
0.128205
0.076923
0.179487
0.145299
0.145299
0.085470
0.102564
0.179487
0.102564
0.145299
0.196581
0.162393
0.153846
0.059829
0.145299
0.068376
0.162393
0.179487
0.145299
0.196581
0.170940
0.111111
0.128205
0.162393
0.102564
0.102564
0.119658
0.162393
0.170940
0.111111
0.170940
0.119658
0.111111
0.094017
0.085470
0.111111
0.111111
0.111111
0.145299
0.128205
0.136752
0.128205
0.068376
0.136752
0.076923
0.128205
0.170940
0.162393
0.188034
0.136752
0.085470
0.085470
0.119658
0.136752
