0.298969
0.360825
0.474227
0.391753
0.422680
0.474227
0.474227
0.381443
0.474227
0.474227
0.474227
0.474227
0.474227
0.474227
0.206186
0.474227
0.474227
0.474227
0.474227
0.474227
0.474227
0.484536
0.474227
0.474227
0.474227
0.371134
0.350515
0.474227
0.474227
0.474227
0.319588
0.474227
0.474227
0.474227
0.474227
0.525773
0.474227
0.474227
0.206186
0.474227
0.474227
0.474227
0.474227
0.474227
0.381443
0.453608
0.278351
0.474227
0.350515
0.474227
0.474227
0.474227
0.216495
0.474227
0.237113
0.742268
0.474227
0.474227
0.474227
0.474227
0.474227
0.474227
0.474227
0.474227
0.432990
0.463918
0.474227
0.226804
0.474227
0.474227
0.474227
0.474227
0.474227
0.515464
0.474227
0.474227
0.474227
0.474227
0.206186
0.474227
0.474227
0.474227
0.474227
0.474227
0.474227
0.474227
0.474227
0.639175
0.474227
0.474227
0.319588
0.474227
0.391753
0.474227
0.474227
0.474227
0.474227
0.391753
0.443299
0.463918
0.268041
0.474227
0.474227
0.309278
0.412371
0.484536
0.515464
0.474227
0.391753
0.474227
0.144330
0.474227
0.288660
0.474227
0.474227
0.474227
0.474227
0.474227
0.474227
0.474227
0.226804
0.649485
0.536082
0.474227
0.474227
0.494845
0.391753
0.474227
0.288660
0.278351
0.474227
0.175258
0.474227
0.484536
0.474227
0.639175
0.474227
0.453608
0.381443
0.474227
0.556701
0.474227
0.474227
0.474227
0.474227
0.474227
0.577320
0.474227
0.474227
0.474227
0.474227
0.257732
0.474227
0.432990
0.474227
0.432990
0.474227
0.690722
0.474227
0.474227
0.474227
0.422680
0.474227
0.474227
0.474227
0.474227
0.288660
0.474227
0.257732
0.268041
0.474227
0.268041
0.474227
0.474227
0.546392
0.474227
0.402062
0.474227
0.474227
0.474227
0.474227
0.525773
0.474227
0.474227
0.474227
0.474227
0.422680
0.474227
0.474227
0.474227
0.474227
0.381443
0.474227
0.474227
0.474227
0.618557
0.474227
0.474227
0.474227
0.474227
0.474227
0.474227
0.474227
0.474227
0.443299
0.391753
0.474227
0.474227
0.195876
0.463918
0.855670
0.474227
0.525773
0.340206
0.474227
0.329897
0.474227
0.278351
0.360825
0.474227
0.494845
0.474227
0.474227
0.474227
0.474227
0.350515
0.474227
0.443299
0.164948
0.474227
0.494845
0.474227
0.474227
0.474227
0.185567
0.505155
0.474227
0.474227
0.391753
0.474227
0.154639
0.474227
0.536082
0.474227
0.474227
0.474227
0.474227
0.474227
0.474227
0.443299
0.474227
0.474227
0.474227
0.474227
0.474227
0.474227
0.474227
0.474227
0.185567
0.309278
0.474227
0.422680
0.474227
0.474227
0.474227
0.474227
0.298969
0.474227
0.484536
0.474227
0.474227
0.474227
0.474227
0.474227
0.474227
0.474227
0.474227
0.474227
0.340206
0.360825
0.329897
0.474227
0.422680
0.474227
0.474227
0.474227
0.474227
0.432990
0.474227
0.474227
0.505155
0.381443
0.453608
0.474227
0.474227
0.474227
0.474227
0.474227
0.474227
0.474227
