0.072165
0.061856
0.113402
0.051546
0.092784
0.020619
0.051546
0.072165
0.061856
0.123711
0.041237
0.113402
0.041237
0.051546
0.051546
0.041237
0.030928
0.061856
0.041237
0.123711
0.061856
0.051546
0.103093
0.082474
0.072165
0.123711
0.092784
0.072165
0.134021
0.030928
0.113402
0.030928
0.123711
0.103093
0.061856
0.082474
0.030928
0.030928
0.103093
0.123711
0.051546
0.072165
0.061856
0.061856
0.123711
0.051546
0.061856
0.082474
0.134021
0.061856
0.092784
0.092784
0.092784
0.092784
0.103093
0.051546
0.041237
0.030928
0.154639
0.072165
0.134021
0.051546
0.072165
0.041237
0.092784
0.061856
0.061856
0.123711
0.061856
0.134021
0.154639
0.041237
0.072165
0.072165
0.082474
0.072165
0.092784
0.092784
0.072165
0.082474
0.103093
0.020619
0.092784
0.041237
0.072165
0.061856
0.041237
0.092784
0.154639
0.113402
0.134021
0.092784
0.072165
0.072165
0.051546
0.092784
0.041237
0.082474
0.072165
0.082474
0.082474
0.113402
0.123711
0.051546
0.061856
0.103093
0.061856
0.041237
0.103093
0.051546
0.051546
0.051546
0.123711
0.072165
0.041237
0.092784
0.061856
0.041237
0.092784
0.051546
0.103093
0.113402
0.041237
0.113402
0.061856
0.164948
0.061856
0.082474
0.082474
0.134021
0.092784
0.072165
0.134021
0.030928
0.010309
0.041237
0.041237
0.061856
0.113402
0.103093
0.030928
0.030928
0.030928
0.030928
0.113402
0.082474
0.041237
0.061856
0.164948
0.051546
0.113402
0.134021
0.051546
0.103093
0.030928
0.051546
0.123711
0.103093
0.030928
0.123711
0.134021
0.030928
0.061856
0.082474
0.020619
0.082474
0.082474
0.123711
0.051546
0.041237
0.103093
0.082474
0.123711
0.051546
0.134021
0.134021
0.030928
0.103093
0.092784
0.134021
0.092784
0.061856
0.144330
0.113402
0.082474
0.103093
0.061856
0.092784
0.061856
0.051546
0.113402
0.061856
0.030928
0.030928
0.113402
0.072165
0.092784
0.072165
0.030928
0.103093
0.020619
0.154639
0.082474
0.103093
0.051546
0.072165
0.072165
0.041237
0.051546
0.041237
0.113402
0.123711
0.061856
0.103093
0.134021
0.134021
0.154639
0.082474
0.041237
0.113402
0.072165
0.092784
0.041237
0.134021
0.061856
0.061856
0.082474
0.061856
0.020619
0.030928
0.041237
0.072165
0.020619
0.113402
0.134021
0.123711
0.113402
0.061856
0.030928
0.041237
0.072165
0.061856
0.113402
0.051546
0.082474
0.051546
0.092784
0.051546
0.072165
0.041237
0.072165
0.061856
0.103093
0.092784
0.072165
0.123711
0.082474
0.020619
0.041237
0.103093
0.123711
0.051546
0.082474
0.123711
0.092784
0.082474
0.030928
0.072165
0.030928
0.061856
0.092784
0.051546
0.020619
0.113402
0.144330
0.072165
0.103093
0.072165
0.061856
0.082474
0.082474
0.072165
0.092784
0.072165
0.072165
0.051546
0.103093
0.113402
0.154639
0.123711
0.051546
0.061856
0.010309
0.072165
0.134021
0.051546
0.103093
0.061856
0.061856
0.123711
