0.474227
0.474227
0.474227
0.474227
0.113402
0.525773
0.525773
0.525773
0.432990
0.525773
0.525773
0.525773
0.525773
0.525773
0.525773
0.525773
0.185567
0.164948
0.525773
0.525773
0.463918
0.350515
0.113402
0.525773
0.340206
0.525773
0.525773
0.443299
0.123711
0.525773
0.474227
0.144330
0.453608
0.525773
0.484536
0.216495
0.206186
0.525773
0.525773
0.525773
0.525773
0.525773
0.525773
0.474227
0.206186
0.123711
0.134021
0.144330
0.525773
0.525773
0.525773
0.525773
0.525773
0.525773
0.525773
0.525773
0.525773
0.195876
0.525773
0.525773
0.185567
0.103093
0.525773
0.525773
0.474227
0.525773
0.525773
0.525773
0.525773
0.525773
0.371134
0.443299
0.195876
0.525773
0.360825
0.103093
0.432990
0.278351
0.525773
0.525773
0.525773
0.525773
0.525773
0.391753
0.134021
0.525773
0.474227
0.144330
0.371134
0.525773
0.113402
0.226804
0.525773
0.525773
0.525773
0.525773
0.525773
0.525773
0.474227
0.494845
0.443299
0.371134
0.154639
0.525773
0.113402
0.268041
0.525773
0.175258
0.525773
0.525773
0.525773
0.525773
0.144330
0.525773
0.164948
0.164948
0.525773
0.329897
0.525773
0.525773
0.144330
0.525773
0.525773
0.525773
0.525773
0.525773
0.474227
0.525773
0.226804
0.175258
0.525773
0.453608
0.463918
0.453608
0.216495
0.525773
0.525773
0.525773
0.525773
0.525773
0.525773
0.525773
0.525773
0.525773
0.525773
0.525773
0.474227
0.237113
0.525773
0.525773
0.525773
0.525773
0.525773
0.525773
0.474227
0.525773
0.113402
0.525773
0.525773
0.525773
0.525773
0.144330
0.474227
0.525773
0.525773
0.113402
0.453608
0.525773
0.525773
0.474227
0.525773
0.329897
0.525773
0.309278
0.268041
0.247423
0.195876
0.525773
0.484536
0.525773
0.525773
0.525773
0.474227
0.422680
0.113402
0.525773
0.525773
0.144330
0.525773
0.525773
0.154639
0.525773
0.175258
0.525773
0.422680
0.175258
0.525773
0.453608
0.474227
0.432990
0.525773
0.525773
0.494845
0.350515
0.216495
0.525773
0.278351
0.257732
0.309278
0.525773
0.525773
0.536082
0.257732
0.164948
0.257732
0.525773
0.525773
0.278351
0.525773
0.525773
0.525773
0.474227
0.525773
0.525773
0.525773
0.525773
0.474227
0.525773
0.525773
0.463918
0.525773
0.525773
0.123711
0.298969
0.525773
0.525773
0.474227
0.525773
0.103093
0.525773
0.525773
0.237113
0.268041
0.113402
0.412371
0.494845
0.525773
0.144330
0.525773
0.525773
0.525773
0.525773
0.474227
0.525773
0.144330
0.144330
0.525773
0.525773
0.154639
0.525773
0.525773
0.525773
0.298969
0.154639
0.525773
0.525773
0.350515
0.422680
0.525773
0.525773
0.515464
0.525773
0.525773
0.175258
0.525773
0.525773
0.525773
0.505155
0.103093
0.360825
0.525773
0.525773
0.381443
0.525773
0.525773
0.206186
0.525773
0.525773
0.525773
0.525773
0.525773
0.474227
0.525773
0.525773
0.525773
0.505155
0.525773
0.061856
0.525773
0.154639
