0.521368
0.136752
0.324786
0.205128
0.119658
0.170940
0.145299
0.111111
0.119658
0.111111
0.128205
0.068376
0.162393
0.119658
0.059829
0.094017
0.179487
0.085470
0.119658
0.273504
0.196581
0.085470
0.196581
0.162393
0.094017
0.239316
0.521368
0.196581
0.136752
0.145299
0.102564
0.760684
0.179487
0.119658
0.102564
0.094017
0.085470
0.196581
0.145299
0.145299
0.282051
0.111111
0.153846
0.504274
0.128205
0.094017
0.128205
0.196581
0.145299
0.170940
0.111111
0.119658
0.119658
0.170940
0.316239
0.829060
0.094017
0.222222
0.128205
0.128205
0.119658
0.136752
0.153846
0.051282
0.350427
0.564103
0.170940
0.128205
0.136752
0.094017
0.153846
0.179487
0.179487
0.094017
0.128205
0.170940
0.299145
0.153846
0.239316
0.119658
0.136752
0.076923
0.094017
0.145299
0.196581
0.128205
0.102564
0.136752
0.367521
0.162393
0.598291
0.196581
0.188034
0.102564
0.136752
0.085470
0.128205
0.145299
0.076923
0.162393
0.794872
0.358974
0.128205
0.119658
0.162393
0.111111
0.102564
0.136752
0.153846
0.119658
0.136752
0.102564
0.119658
0.119658
0.145299
0.162393
0.179487
0.094017
0.179487
0.153846
0.136752
0.162393
0.170940
0.512821
0.529915
0.222222
0.102564
0.145299
0.162393
0.128205
0.111111
0.162393
0.213675
0.196581
0.188034
0.153846
0.102564
0.111111
0.170940
0.119658
0.188034
0.085470
0.119658
0.119658
0.076923
0.188034
0.478632
0.623932
0.179487
0.179487
0.119658
0.128205
0.102564
0.153846
0.085470
0.102564
0.128205
0.153846
0.196581
0.162393
0.111111
0.102564
0.162393
0.128205
0.162393
0.145299
0.102564
0.102564
0.145299
0.179487
0.128205
0.641026
0.085470
0.076923
0.111111
0.128205
0.076923
0.102564
0.153846
0.085470
0.162393
0.128205
0.179487
0.128205
0.205128
0.153846
0.085470
0.162393
0.145299
0.153846
0.153846
0.051282
0.094017
0.111111
0.145299
0.179487
0.145299
0.153846
0.179487
0.162393
0.119658
0.230769
0.119658
0.188034
0.162393
0.111111
0.111111
0.128205
0.119658
0.102564
0.145299
0.162393
0.076923
0.128205
0.136752
0.085470
0.188034
0.153846
0.128205
0.888889
0.145299
0.128205
0.145299
0.136752
0.102564
0.128205
0.162393
0.136752
0.111111
0.145299
0.076923
0.068376
0.076923
0.102564
0.128205
0.256410
0.102564
0.179487
0.102564
0.119658
0.119658
0.102564
0.760684
0.145299
0.170940
0.222222
0.094017
0.119658
0.085470
0.102564
0.119658
0.196581
0.102564
0.111111
0.076923
0.153846
0.162393
0.170940
0.094017
0.153846
0.119658
0.111111
0.179487
0.136752
0.162393
0.145299
0.435897
0.136752
0.128205
0.213675
0.170940
0.119658
0.188034
0.059829
0.111111
0.076923
0.136752
0.145299
0.094017
0.179487
0.128205
0.145299
0.136752
0.179487
0.119658
0.119658
0.102564
0.051282
0.136752
0.136752
0.162393
0.111111
0.213675
0.094017
0.145299
0.128205
0.094017
0.068376
0.076923
0.145299
