0.478632
0.145299
0.470085
0.085470
0.111111
0.059829
0.564103
0.136752
0.051282
0.085470
0.102564
0.145299
0.068376
0.068376
0.094017
0.170940
0.034188
0.512821
0.051282
0.025641
0.076923
0.188034
0.076923
0.059829
0.042735
0.076923
0.068376
0.111111
0.094017
0.102564
0.042735
0.094017
0.059829
0.068376
0.068376
0.094017
0.102564
0.076923
0.051282
0.034188
0.068376
0.145299
0.136752
0.102564
0.119658
0.102564
0.111111
0.085470
0.076923
0.094017
0.307692
0.042735
0.059829
0.128205
0.085470
0.094017
0.059829
0.136752
0.068376
0.051282
0.102564
0.085470
0.068376
0.034188
0.136752
0.119658
0.136752
0.085470
0.042735
0.162393
0.068376
0.059829
0.136752
0.068376
0.128205
0.119658
0.025641
0.111111
0.085470
0.094017
0.076923
0.102564
0.068376
0.094017
0.170940
0.094017
0.119658
0.068376
0.213675
0.076923
0.128205
0.068376
0.085470
0.136752
0.085470
0.085470
0.076923
0.102564
0.051282
0.059829
0.094017
0.111111
0.128205
0.128205
0.059829
0.076923
0.111111
0.094017
0.145299
0.051282
0.051282
0.068376
0.051282
0.059829
0.042735
0.076923
0.042735
0.136752
0.119658
0.025641
0.068376
0.119658
0.478632
0.094017
0.094017
0.094017
0.068376
0.076923
0.076923
0.119658
0.119658
0.068376
0.042735
0.076923
0.128205
0.119658
0.111111
0.111111
0.111111
0.042735
0.085470
0.068376
0.085470
0.128205
0.307692
0.230769
0.162393
0.051282
0.076923
0.076923
0.085470
0.034188
0.094017
0.145299
0.025641
0.452991
0.068376
0.094017
0.059829
0.068376
0.051282
0.102564
0.179487
0.128205
0.076923
0.094017
0.470085
0.034188
0.051282
0.102564
0.162393
0.094017
0.094017
0.196581
0.119658
0.034188
0.102564
0.333333
0.111111
0.119658
0.102564
0.051282
0.051282
0.068376
0.059829
0.076923
0.170940
0.068376
0.333333
0.059829
0.153846
0.128205
0.059829
0.068376
0.076923
0.068376
0.068376
0.068376
0.111111
0.162393
0.051282
0.102564
0.085470
0.111111
0.076923
0.059829
0.068376
0.102564
0.076923
0.128205
0.213675
0.051282
0.136752
0.136752
0.076923
0.059829
0.128205
0.042735
0.102564
0.111111
0.051282
0.495726
0.102564
0.136752
0.068376
0.042735
0.085470
0.059829
0.111111
0.059829
0.068376
0.059829
0.239316
0.102564
0.153846
0.076923
0.136752
0.119658
0.059829
0.068376
0.076923
0.085470
0.076923
0.598291
0.042735
0.051282
0.051282
0.094017
0.042735
0.128205
0.119658
0.239316
0.025641
0.034188
0.444444
0.034188
0.094017
0.085470
0.119658
0.042735
0.059829
0.068376
0.042735
0.059829
0.094017
0.470085
0.034188
0.111111
0.059829
0.034188
0.059829
0.128205
0.034188
0.111111
0.042735
0.094017
0.085470
0.042735
0.111111
0.136752
0.119658
0.119658
0.059829
0.076923
0.162393
0.051282
0.085470
0.017094
0.068376
0.059829
0.042735
0.119658
0.042735
0.094017
0.136752
0.111111
0.094017
0.059829
0.051282
0.094017
