0.119658
0.136752
0.034188
0.504274
0.076923
0.094017
0.119658
0.059829
0.068376
0.119658
0.170940
0.034188
0.051282
0.076923
0.085470
0.076923
0.042735
0.102564
0.119658
0.085470
0.094017
0.307692
0.076923
0.102564
0.076923
0.153846
0.059829
0.094017
0.128205
0.059829
0.136752
0.119658
0.102564
0.085470
0.119658
0.085470
0.119658
0.051282
0.128205
0.111111
0.136752
0.478632
0.136752
0.102564
0.111111
0.094017
0.153846
0.179487
0.085470
0.042735
0.111111
0.478632
0.059829
0.102564
0.068376
0.119658
0.076923
0.059829
0.111111
0.068376
0.111111
0.136752
0.068376
0.094017
0.076923
0.059829
0.102564
0.094017
0.051282
0.136752
0.094017
0.188034
0.153846
0.136752
0.068376
0.119658
0.145299
0.128205
0.076923
0.085470
0.059829
0.051282
0.051282
0.076923
0.051282
0.085470
0.136752
0.059829
0.076923
0.111111
0.085470
0.102564
0.119658
0.085470
0.059829
0.102564
0.094017
0.085470
0.076923
0.102564
0.205128
0.059829
0.042735
0.094017
0.111111
0.145299
0.034188
0.102564
0.025641
0.076923
0.136752
0.128205
0.051282
0.094017
0.529915
0.213675
0.059829
0.059829
0.085470
0.179487
0.042735
0.162393
0.085470
0.128205
0.564103
0.076923
0.051282
0.068376
0.051282
0.076923
0.128205
0.111111
0.094017
0.025641
0.247863
0.025641
0.059829
0.136752
0.085470
0.068376
0.111111
0.111111
0.094017
0.085470
0.709402
0.059829
0.051282
0.102564
0.094017
0.085470
0.085470
0.076923
0.017094
0.102564
0.461538
0.059829
0.059829
0.068376
0.059829
0.025641
0.153846
0.111111
0.102564
0.136752
0.145299
0.034188
0.068376
0.170940
0.059829
0.076923
0.102564
0.042735
0.162393
0.111111
0.034188
0.119658
0.119658
0.136752
0.102564
0.042735
0.119658
0.119658
0.034188
0.059829
0.162393
0.094017
0.136752
0.085470
0.051282
0.068376
0.068376
0.128205
0.085470
0.059829
0.085470
0.085470
0.145299
0.111111
0.085470
0.145299
0.076923
0.051282
0.085470
0.094017
0.102564
0.136752
0.068376
0.094017
0.042735
0.094017
0.102564
0.076923
0.128205
0.145299
0.059829
0.042735
0.094017
0.042735
0.051282
0.051282
0.145299
0.128205
0.068376
0.111111
0.085470
0.102564
0.136752
0.529915
0.051282
0.111111
0.085470
0.051282
0.119658
0.068376
0.153846
0.205128
0.076923
0.521368
0.059829
0.128205
0.059829
0.025641
0.094017
0.051282
0.059829
0.068376
0.094017
0.914530
0.145299
0.128205
0.119658
0.042735
0.068376
0.153846
0.102564
0.059829
0.179487
0.589744
0.153846
0.042735
0.076923
0.059829
0.119658
0.136752
0.102564
0.128205
0.128205
0.478632
0.111111
0.179487
0.068376
0.068376
0.059829
0.136752
0.162393
0.068376
0.128205
0.478632
0.085470
0.102564
0.059829
0.068376
0.068376
0.059829
0.102564
0.085470
0.145299
0.094017
0.068376
0.119658
0.068376
0.076923
0.051282
0.128205
0.085470
0.102564
0.034188
0.059829
0.076923
0.085470
