0.480519
0.506494
0.480519
0.181818
0.129870
0.506494
0.155844
0.701299
0.090909
0.129870
0.311688
0.207792
0.103896
0.272727
0.519481
0.064935
0.363636
0.168831
0.077922
0.103896
0.688312
0.142857
0.116883
0.506494
0.363636
0.636364
0.415584
0.064935
0.064935
0.324675
0.064935
0.298701
0.064935
0.142857
0.116883
0.701299
0.467532
0.519481
0.142857
0.129870
0.090909
0.142857
0.376623
0.519481
0.142857
0.142857
0.181818
0.116883
0.129870
0.129870
0.064935
0.168831
0.480519
0.155844
0.129870
0.285714
0.051948
0.155844
0.103896
0.051948
0.077922
0.129870
0.142857
0.168831
0.545455
0.168831
0.220779
0.038961
0.090909
0.129870
0.038961
0.077922
0.129870
0.142857
0.168831
0.129870
0.090909
0.571429
0.181818
0.103896
0.077922
0.012987
0.207792
0.064935
0.168831
0.168831
0.038961
0.519481
0.103896
0.142857
0.116883
0.051948
0.142857
0.051948
0.051948
0.142857
0.038961
0.064935
0.155844
0.090909
0.142857
0.129870
0.103896
0.129870
0.155844
0.090909
0.142857
0.090909
0.103896
0.181818
0.519481
0.129870
0.285714
0.753247
0.038961
0.116883
0.077922
0.103896
0.090909
0.051948
0.129870
0.064935
0.077922
0.142857
0.077922
0.116883
0.077922
0.064935
0.103896
0.155844
0.168831
0.103896
0.129870
0.168831
0.558442
0.519481
0.493506
0.142857
0.116883
0.168831
0.103896
0.090909
0.142857
0.090909
0.142857
0.051948
0.077922
0.103896
0.051948
0.129870
0.155844
0.077922
0.129870
0.168831
0.090909
0.207792
0.051948
0.350649
0.779221
0.311688
0.194805
0.129870
0.142857
0.090909
0.155844
0.090909
0.077922
0.116883
0.064935
0.103896
0.129870
0.142857
0.116883
0.090909
0.129870
0.064935
0.090909
0.129870
0.103896
0.090909
0.064935
0.090909
0.168831
0.337662
0.129870
0.116883
0.077922
0.103896
0.155844
0.077922
0.181818
0.142857
0.103896
0.090909
0.129870
0.090909
0.116883
0.129870
0.103896
0.116883
0.129870
0.103896
0.090909
0.077922
0.480519
0.298701
0.519481
0.142857
0.090909
0.051948
0.129870
0.090909
0.116883
0.129870
0.064935
0.181818
0.090909
0.103896
0.116883
0.025974
0.090909
0.116883
0.129870
0.038961
0.090909
0.090909
0.181818
0.350649
0.168831
0.493506
0.363636
0.103896
0.142857
0.142857
0.142857
0.155844
0.103896
0.077922
0.116883
0.051948
0.077922
0.077922
0.077922
0.181818
0.116883
0.077922
0.142857
0.181818
0.090909
0.142857
0.116883
0.077922
0.207792
0.597403
0.402597
0.103896
0.077922
0.129870
0.142857
0.064935
0.103896
0.064935
0.142857
0.077922
0.155844
0.077922
0.103896
0.103896
0.155844
0.168831
0.038961
0.129870
0.116883
0.090909
0.051948
0.727273
0.376623
0.519481
0.168831
0.103896
0.142857
0.103896
0.103896
0.142857
0.168831
0.194805
0.103896
0.103896
0.077922
0.129870
0.090909
0.103896
0.103896
0.142857
0.116883
0.168831
0.077922
0.116883
0.519481
0.116883
