0.405405
0.324324
0.189189
0.081081
0.270270
0.162162
0.081081
0.108108
0.216216
0.189189
0.162162
0.513514
0.054054
0.378378
0.540541
0.081081
0.324324
0.405405
0.513514
0.270270
0.189189
0.270270
0.486486
0.513514
0.351351
0.216216
0.513514
0.702703
0.513514
0.243243
0.054054
0.621622
0.486486
0.270270
0.459459
0.189189
0.108108
0.081081
0.648649
0.108108
0.675676
0.486486
0.486486
0.513514
0.162162
0.135135
0.108108
0.135135
0.486486
0.567568
0.243243
0.540541
0.459459
0.702703
0.432432
0.189189
0.297297
0.135135
0.459459
0.351351
0.324324
0.729730
0.432432
0.270270
0.243243
0.162162
0.216216
0.486486
0.540541
0.162162
0.567568
0.567568
0.378378
0.459459
0.486486
0.135135
0.162162
0.513514
0.432432
0.216216
0.378378
0.351351
0.297297
0.594595
0.189189
0.135135
0.189189
0.135135
0.486486
0.486486
0.702703
0.513514
0.270270
0.540541
0.756757
0.108108
0.243243
0.162162
0.378378
0.540541
0.351351
0.594595
0.135135
0.513514
0.729730
0.135135
0.081081
0.135135
0.270270
0.189189
0.594595
0.513514
0.594595
0.540541
0.810811
0.162162
0.216216
0.351351
0.378378
0.621622
0.405405
0.648649
0.324324
0.432432
0.189189
0.135135
0.162162
0.648649
0.621622
0.216216
0.567568
0.243243
0.648649
0.351351
0.135135
0.081081
0.189189
0.567568
0.756757
0.162162
0.675676
0.135135
0.189189
0.243243
0.108108
0.108108
0.054054
0.162162
0.513514
0.405405
0.567568
0.405405
0.108108
0.405405
0.135135
0.162162
0.135135
0.513514
0.486486
0.459459
0.567568
0.486486
0.567568
0.297297
0.243243
0.189189
0.081081
0.162162
0.162162
0.108108
0.108108
0.135135
0.135135
0.189189
0.162162
0.216216
0.081081
0.135135
0.243243
0.108108
0.135135
0.135135
0.108108
0.162162
0.162162
0.135135
0.189189
0.162162
0.189189
0.162162
0.108108
0.189189
0.189189
0.081081
0.216216
0.216216
0.297297
0.270270
0.621622
0.621622
0.513514
0.459459
0.054054
0.702703
0.054054
0.189189
0.135135
0.135135
0.216216
0.081081
0.162162
0.135135
0.162162
0.135135
0.162162
0.162162
0.189189
0.243243
0.162162
0.243243
0.162162
0.189189
0.189189
0.162162
0.243243
0.459459
0.135135
0.135135
0.189189
0.081081
0.135135
0.108108
0.135135
0.108108
0.162162
0.135135
0.162162
0.351351
0.486486
0.783784
0.351351
0.594595
0.108108
0.567568
0.108108
0.135135
0.189189
0.162162
0.108108
0.162162
0.135135
0.108108
0.162162
0.189189
0.135135
0.108108
0.108108
0.189189
0.135135
0.108108
0.135135
0.189189
0.189189
0.135135
0.162162
0.081081
0.054054
0.189189
0.081081
0.135135
0.081081
0.135135
0.189189
0.162162
0.162162
0.189189
0.675676
0.378378
0.108108
0.756757
0.513514
0.594595
0.135135
0.648649
0.594595
0.162162
0.081081
0.135135
0.189189
0.108108
0.108108
0.162162
0.162162
0.135135
0.162162
0.162162
0.189189
0.162162
0.135135
0.162162
