0.513514
0.000000
0.000000
0.027027
0.054054
0.027027
0.027027
0.027027
0.054054
0.027027
0.000000
0.000000
0.027027
0.000000
0.108108
0.027027
0.054054
0.432432
0.000000
0.000000
0.027027
0.027027
0.000000
0.027027
0.054054
0.054054
0.081081
0.027027
0.108108
0.000000
0.027027
0.000000
0.027027
0.027027
0.081081
0.000000
0.027027
0.027027
0.108108
0.027027
0.081081
0.027027
0.054054
0.108108
0.054054
0.000000
0.000000
0.054054
0.000000
0.324324
0.054054
0.054054
0.081081
0.081081
0.108108
0.000000
0.081081
0.081081
0.054054
0.000000
0.000000
0.054054
0.027027
0.027027
0.027027
0.324324
0.081081
0.027027
0.027027
0.027027
0.054054
0.027027
0.054054
0.000000
0.027027
0.027027
0.243243
0.027027
0.054054
0.081081
0.216216
0.405405
0.027027
0.027027
0.027027
0.054054
0.054054
0.432432
0.000000
0.054054
0.054054
0.270270
0.135135
0.081081
0.081081
0.054054
0.000000
0.081081
0.081081
0.027027
0.081081
0.081081
0.081081
0.216216
0.000000
0.081081
0.000000
0.054054
0.054054
0.189189
0.081081
0.000000
0.054054
0.027027
0.216216
0.054054
0.081081
0.027027
0.081081
0.081081
0.567568
0.054054
0.135135
0.081081
0.081081
0.054054
0.054054
0.054054
0.027027
0.000000
0.027027
0.162162
0.054054
0.027027
0.027027
0.162162
0.270270
0.081081
0.027027
0.027027
0.108108
0.027027
0.054054
0.027027
0.000000
0.054054
0.027027
0.378378
0.027027
0.054054
0.054054
0.027027
0.081081
0.054054
0.027027
0.027027
0.135135
0.027027
0.108108
0.027027
0.081081
0.054054
0.081081
0.054054
0.054054
0.000000
0.027027
0.027027
0.000000
0.297297
0.054054
0.027027
0.054054
0.054054
0.000000
0.108108
0.027027
0.027027
0.081081
0.108108
0.054054
0.027027
0.054054
0.027027
0.081081
0.027027
0.000000
0.027027
0.081081
0.000000
0.027027
0.189189
0.081081
0.108108
0.054054
0.054054
0.270270
0.054054
0.054054
0.054054
0.054054
0.054054
0.459459
0.054054
0.027027
0.054054
0.567568
0.189189
0.054054
0.027027
0.027027
0.027027
0.081081
0.081081
0.081081
0.000000
0.027027
0.054054
0.270270
0.108108
0.027027
0.000000
0.027027
0.027027
0.027027
0.081081
0.108108
0.000000
0.054054
0.108108
0.000000
0.054054
0.000000
0.081081
0.054054
0.108108
0.027027
0.081081
0.027027
0.054054
0.000000
0.054054
0.054054
0.000000
0.000000
0.000000
0.486486
0.027027
0.027027
0.081081
0.027027
0.324324
0.081081
0.054054
0.027027
0.000000
0.081081
0.540541
0.000000
0.135135
0.027027
0.162162
0.270270
0.000000
0.081081
0.054054
0.027027
0.000000
0.486486
0.000000
0.054054
0.054054
0.135135
0.378378
0.027027
0.081081
0.081081
0.000000
0.081081
0.108108
0.081081
0.027027
0.027027
0.027027
0.162162
0.027027
0.027027
0.027027
0.027027
0.081081
0.054054
0.054054
0.027027
0.027027
0.027027
0.135135
0.108108
0.054054
0.081081
0.081081
