0.145299
0.170940
0.111111
0.153846
0.128205
0.179487
0.188034
0.111111
0.145299
0.128205
0.196581
0.119658
0.136752
0.162393
0.119658
0.102564
0.205128
0.102564
0.136752
0.136752
0.196581
0.111111
0.222222
0.153846
0.145299
0.196581
0.162393
0.188034
0.153846
0.170940
0.128205
0.213675
0.136752
0.128205
0.068376
0.145299
0.094017
0.162393
0.153846
0.162393
0.239316
0.170940
0.162393
0.239316
0.145299
0.119658
0.128205
0.145299
0.179487
0.162393
0.128205
0.128205
0.170940
0.170940
0.162393
0.119658
0.102564
0.205128
0.179487
0.162393
0.162393
0.145299
0.119658
0.094017
0.239316
0.076923
0.222222
0.136752
0.153846
0.136752
0.162393
0.162393
0.196581
0.085470
0.136752
0.196581
0.299145
0.128205
0.205128
0.094017
0.128205
0.102564
0.094017
0.188034
0.179487
0.196581
0.145299
0.145299
0.145299
0.153846
0.136752
0.188034
0.213675
0.094017
0.145299
0.102564
0.136752
0.119658
0.119658
0.188034
0.102564
0.170940
0.111111
0.128205
0.170940
0.111111
0.128205
0.162393
0.179487
0.128205
0.136752
0.111111
0.136752
0.153846
0.162393
0.162393
0.162393
0.119658
0.170940
0.162393
0.145299
0.170940
0.222222
0.145299
0.128205
0.196581
0.111111
0.179487
0.145299
0.153846
0.119658
0.162393
0.222222
0.162393
0.170940
0.162393
0.153846
0.128205
0.188034
0.128205
0.213675
0.119658
0.128205
0.162393
0.085470
0.222222
0.085470
0.188034
0.196581
0.136752
0.128205
0.094017
0.128205
0.188034
0.111111
0.170940
0.145299
0.136752
0.145299
0.145299
0.076923
0.136752
0.179487
0.162393
0.179487
0.145299
0.102564
0.102564
0.136752
0.188034
0.170940
0.179487
0.111111
0.102564
0.111111
0.128205
0.128205
0.059829
0.153846
0.119658
0.170940
0.128205
0.196581
0.153846
0.230769
0.179487
0.119658
0.179487
0.153846
0.153846
0.136752
0.111111
0.111111
0.136752
0.170940
0.085470
0.153846
0.162393
0.196581
0.188034
0.119658
0.162393
0.136752
0.179487
0.145299
0.094017
0.094017
0.162393
0.102564
0.128205
0.162393
0.162393
0.094017
0.153846
0.136752
0.128205
0.196581
0.153846
0.136752
0.059829
0.145299
0.179487
0.153846
0.170940
0.145299
0.119658
0.205128
0.128205
0.153846
0.188034
0.102564
0.085470
0.085470
0.128205
0.222222
0.264957
0.136752
0.136752
0.128205
0.119658
0.136752
0.102564
0.094017
0.170940
0.188034
0.196581
0.145299
0.111111
0.085470
0.119658
0.128205
0.188034
0.136752
0.119658
0.102564
0.111111
0.162393
0.119658
0.145299
0.153846
0.111111
0.094017
0.188034
0.145299
0.153846
0.162393
0.162393
0.153846
0.136752
0.205128
0.153846
0.136752
0.170940
0.102564
0.136752
0.128205
0.136752
0.162393
0.102564
0.188034
0.153846
0.230769
0.136752
0.188034
0.170940
0.128205
0.119658
0.119658
0.179487
0.102564
0.153846
0.102564
0.213675
0.094017
0.102564
0.188034
0.128205
0.068376
0.094017
0.136752
