0.243243
0.486486
0.243243
0.459459
0.675676
0.189189
0.540541
0.675676
0.270270
0.216216
0.783784
0.513514
0.162162
0.108108
0.216216
0.189189
0.108108
0.135135
0.513514
0.243243
0.243243
0.243243
0.621622
0.243243
0.189189
0.189189
0.648649
0.729730
0.270270
0.351351
0.405405
0.216216
0.621622
0.837838
0.108108
0.540541
0.810811
0.297297
0.324324
0.189189
0.297297
0.540541
0.648649
0.378378
0.513514
0.405405
0.324324
0.270270
0.621622
0.216216
0.567568
0.135135
0.621622
0.189189
0.702703
0.837838
0.621622
0.243243
0.486486
0.243243
0.513514
0.189189
0.081081
0.594595
0.648649
0.459459
0.540541
0.675676
0.270270
0.729730
0.162162
0.648649
0.594595
0.324324
0.135135
0.702703
0.270270
0.648649
0.702703
0.756757
0.486486
0.162162
0.648649
0.243243
0.675676
0.243243
0.513514
0.216216
0.243243
0.459459
0.216216
0.162162
0.324324
0.216216
0.270270
0.540541
0.297297
0.648649
0.540541
0.756757
0.594595
0.189189
0.675676
0.324324
0.459459
0.324324
0.540541
0.351351
0.243243
0.378378
0.243243
0.135135
0.243243
0.189189
0.810811
0.162162
0.135135
0.162162
0.135135
0.135135
0.729730
0.648649
0.486486
0.270270
0.432432
0.405405
0.459459
0.162162
0.378378
0.756757
0.432432
0.459459
0.189189
0.216216
0.135135
0.216216
0.135135
0.891892
0.270270
0.162162
0.189189
0.135135
0.243243
0.216216
0.513514
0.351351
0.216216
0.378378
0.405405
0.540541
0.729730
0.243243
0.621622
0.297297
0.513514
0.189189
0.351351
0.189189
0.243243
0.189189
0.216216
0.243243
0.270270
0.270270
0.162162
0.108108
0.216216
0.513514
0.648649
0.243243
0.702703
0.540541
0.513514
0.702703
0.351351
0.810811
0.783784
0.729730
0.189189
0.135135
0.486486
0.162162
0.162162
0.648649
0.162162
0.189189
0.162162
0.162162
0.243243
0.243243
0.567568
0.648649
0.351351
0.243243
0.513514
0.594595
0.594595
0.324324
0.540541
0.324324
0.513514
0.135135
0.162162
0.189189
0.729730
0.270270
0.270270
0.864865
0.324324
0.135135
0.243243
0.162162
0.108108
0.405405
0.432432
0.351351
0.675676
0.270270
0.513514
0.513514
0.216216
0.378378
0.216216
0.243243
0.189189
0.189189
0.135135
0.243243
0.594595
0.081081
0.189189
0.108108
0.324324
0.189189
0.189189
0.621622
0.351351
0.594595
0.675676
0.702703
0.891892
0.837838
0.729730
0.351351
0.459459
0.540541
0.405405
0.162162
0.594595
0.297297
0.189189
0.162162
0.297297
0.108108
0.162162
0.189189
0.162162
0.432432
0.189189
0.486486
0.108108
0.189189
0.324324
0.513514
0.324324
0.486486
0.324324
0.135135
0.297297
0.675676
0.135135
0.378378
0.189189
0.135135
0.054054
0.108108
0.270270
0.135135
0.189189
0.216216
0.189189
0.081081
0.081081
0.351351
0.621622
0.081081
0.702703
0.513514
0.351351
0.081081
0.297297
0.432432
0.459459
0.729730
0.189189
0.135135
0.162162
0.135135
0.216216
0.702703
