0.307692
0.136752
0.170940
0.102564
0.136752
0.136752
0.170940
0.179487
0.145299
0.179487
0.128205
0.128205
0.196581
0.162393
0.188034
0.179487
0.145299
0.170940
0.196581
0.128205
0.196581
0.179487
0.205128
0.196581
0.264957
0.282051
0.222222
0.119658
0.196581
0.230769
0.136752
0.136752
0.162393
0.162393
0.153846
0.170940
0.230769
0.205128
0.188034
0.247863
0.196581
0.230769
0.162393
0.170940
0.170940
0.162393
0.222222
0.213675
0.205128
0.119658
0.153846
0.162393
0.170940
0.213675
0.188034
0.188034
0.153846
0.145299
0.162393
0.196581
0.196581
0.119658
0.170940
0.136752
0.247863
0.145299
0.188034
0.188034
0.153846
0.196581
0.196581
0.170940
0.153846
0.179487
0.111111
0.170940
0.153846
0.153846
0.162393
0.196581
0.239316
0.102564
0.136752
0.162393
0.179487
0.196581
0.196581
0.119658
0.153846
0.153846
0.162393
0.153846
0.153846
0.145299
0.128205
0.128205
0.153846
0.111111
0.170940
0.222222
0.136752
0.145299
0.205128
0.162393
0.170940
0.239316
0.188034
0.153846
0.213675
0.111111
0.239316
0.170940
0.239316
0.205128
0.170940
0.188034
0.205128
0.205128
0.196581
0.162393
0.213675
0.153846
0.196581
0.153846
0.162393
0.230769
0.188034
0.153846
0.145299
0.153846
0.230769
0.196581
0.145299
0.196581
0.170940
0.188034
0.145299
0.205128
0.188034
0.119658
0.179487
0.128205
0.145299
0.162393
0.213675
0.119658
0.153846
0.119658
0.111111
0.230769
0.136752
0.213675
0.153846
0.196581
0.179487
0.153846
0.111111
0.128205
0.222222
0.222222
0.128205
0.222222
0.162393
0.205128
0.162393
0.179487
0.170940
0.111111
0.188034
0.256410
0.128205
0.205128
0.136752
0.179487
0.196581
0.230769
0.153846
0.179487
0.196581
0.179487
0.188034
0.162393
0.230769
0.153846
0.153846
0.128205
0.213675
0.153846
0.153846
0.153846
0.145299
0.205128
0.153846
0.179487
0.162393
0.188034
0.170940
0.102564
0.136752
0.145299
0.136752
0.136752
0.179487
0.196581
0.145299
0.205128
0.119658
0.119658
0.188034
0.273504
0.170940
0.299145
0.170940
0.205128
0.153846
0.162393
0.145299
0.136752
0.222222
0.179487
0.145299
0.119658
0.170940
0.128205
0.162393
0.170940
0.094017
0.299145
0.205128
0.111111
0.145299
0.247863
0.179487
0.111111
0.230769
0.196581
0.128205
0.136752
0.205128
0.222222
0.188034
0.136752
0.196581
0.136752
0.179487
0.205128
0.205128
0.145299
0.136752
0.196581
0.153846
0.213675
0.222222
0.179487
0.213675
0.153846
0.136752
0.119658
0.188034
0.179487
0.196581
0.102564
0.153846
0.239316
0.179487
0.170940
0.239316
0.153846
0.162393
0.136752
0.145299
0.170940
0.170940
0.205128
0.128205
0.145299
0.153846
0.153846
0.179487
0.213675
0.196581
0.170940
0.170940
0.196581
0.222222
0.145299
0.162393
0.239316
0.222222
0.145299
0.188034
0.162393
0.239316
0.145299
0.222222
0.188034
0.128205
0.230769
0.162393
0.145299
