0.486486
0.513514
0.405405
0.486486
0.513514
0.486486
0.054054
0.513514
0.270270
0.081081
0.513514
0.270270
0.243243
0.243243
0.081081
0.270270
0.297297
0.189189
0.081081
0.216216
0.243243
0.162162
0.081081
0.162162
0.513514
0.216216
0.108108
0.297297
0.108108
0.270270
0.486486
0.135135
0.513514
0.000000
0.108108
0.216216
0.459459
0.270270
0.297297
0.486486
0.513514
0.513514
0.189189
0.270270
0.486486
0.513514
0.162162
0.081081
0.081081
0.162162
0.270270
0.216216
0.081081
0.108108
0.486486
0.243243
0.513514
0.216216
0.135135
0.540541
0.027027
0.216216
0.189189
0.135135
0.135135
0.486486
0.000000
0.162162
0.351351
0.513514
0.459459
0.513514
0.405405
0.486486
0.486486
0.162162
0.513514
0.189189
0.486486
0.378378
0.486486
0.135135
0.108108
0.270270
0.513514
0.216216
0.216216
0.513514
0.243243
0.135135
0.108108
0.243243
0.432432
0.189189
0.243243
0.135135
0.189189
0.135135
0.540541
0.513514
0.486486
0.108108
0.162162
0.189189
0.459459
0.216216
0.108108
0.216216
0.189189
0.486486
0.054054
0.243243
0.054054
0.162162
0.459459
0.486486
0.486486
0.189189
0.513514
0.108108
0.135135
0.513514
0.162162
0.513514
0.216216
0.405405
0.513514
0.567568
0.594595
0.486486
0.162162
0.135135
0.081081
0.513514
0.135135
0.108108
0.216216
0.270270
0.189189
0.513514
0.351351
0.243243
0.189189
0.216216
0.108108
0.216216
0.000000
0.108108
0.135135
0.486486
0.486486
0.486486
0.162162
0.540541
0.297297
0.513514
0.540541
0.324324
0.135135
0.108108
0.189189
0.162162
0.189189
0.135135
0.108108
0.486486
0.243243
0.486486
0.135135
0.189189
0.324324
0.243243
0.243243
0.189189
0.243243
0.054054
0.216216
0.108108
0.432432
0.189189
0.135135
0.486486
0.054054
0.513514
0.378378
0.486486
0.108108
0.135135
0.513514
0.081081
0.081081
0.135135
0.189189
0.189189
0.135135
0.135135
0.513514
0.486486
0.135135
0.189189
0.135135
0.216216
0.108108
0.270270
0.162162
0.108108
0.486486
0.486486
0.081081
0.162162
0.486486
0.486486
0.486486
0.486486
0.135135
0.108108
0.189189
0.135135
0.270270
0.486486
0.486486
0.135135
0.405405
0.486486
0.486486
0.216216
0.486486
0.189189
0.486486
0.486486
0.513514
0.216216
0.135135
0.216216
0.216216
0.567568
0.513514
0.270270
0.162162
0.162162
0.378378
0.486486
0.135135
0.243243
0.189189
0.189189
0.162162
0.189189
0.270270
0.216216
0.243243
0.486486
0.513514
0.054054
0.513514
0.189189
0.243243
0.162162
0.135135
0.108108
0.189189
0.378378
0.216216
0.243243
0.108108
0.054054
0.513514
0.486486
0.513514
0.216216
0.108108
0.081081
0.216216
0.162162
0.486486
0.513514
0.135135
0.162162
0.135135
0.513514
0.189189
0.270270
0.162162
0.405405
0.135135
0.486486
0.486486
0.081081
0.216216
0.162162
0.189189
0.513514
0.486486
0.189189
0.513514
0.594595
0.513514
0.486486
0.486486
0.270270
