0.216495
0.288660
0.237113
0.195876
0.206186
0.175258
0.103093
0.144330
0.360825
0.123711
0.391753
0.113402
0.103093
0.402062
0.195876
0.185567
0.154639
0.206186
0.556701
0.731959
0.371134
0.453608
0.164948
0.515464
0.762887
0.670103
0.525773
0.144330
0.577320
0.237113
0.371134
0.103093
0.175258
0.268041
0.783505
0.556701
0.113402
0.195876
0.164948
0.164948
0.144330
0.113402
0.525773
0.185567
0.226804
0.453608
0.134021
0.123711
0.237113
0.113402
0.185567
0.103093
0.082474
0.711340
0.536082
0.474227
0.175258
0.113402
0.123711
0.123711
0.123711
0.185567
0.443299
0.185567
0.608247
0.659794
0.113402
0.113402
0.123711
0.103093
0.113402
0.185567
0.567010
0.175258
0.546392
0.659794
0.134021
0.144330
0.144330
0.164948
0.164948
0.154639
0.525773
0.144330
0.556701
0.309278
0.103093
0.123711
0.051546
0.123711
0.195876
0.195876
0.216495
0.206186
0.216495
0.185567
0.185567
0.185567
0.154639
0.154639
0.154639
0.175258
0.546392
0.113402
0.680412
0.639175
0.134021
0.144330
0.185567
0.113402
0.154639
0.216495
0.144330
0.226804
0.134021
0.164948
0.206186
0.164948
0.175258
0.175258
0.154639
0.134021
0.319588
0.185567
0.731959
0.515464
0.247423
0.154639
0.257732
0.134021
0.164948
0.123711
0.175258
0.144330
0.134021
0.113402
0.154639
0.134021
0.175258
0.164948
0.154639
0.175258
0.536082
0.175258
0.505155
0.556701
0.134021
0.103093
0.154639
0.154639
0.226804
0.134021
0.185567
0.185567
0.123711
0.103093
0.144330
0.072165
0.216495
0.185567
0.123711
0.175258
0.546392
0.092784
0.185567
0.319588
0.123711
0.134021
0.226804
0.185567
0.216495
0.185567
0.103093
0.237113
0.164948
0.164948
0.154639
0.113402
0.154639
0.144330
0.154639
0.113402
0.195876
0.505155
0.195876
0.164948
0.185567
0.154639
0.185567
0.123711
0.123711
0.154639
0.237113
0.092784
0.103093
0.237113
0.175258
0.144330
0.226804
0.206186
0.144330
0.216495
0.422680
0.103093
0.329897
0.412371
0.154639
0.154639
0.154639
0.237113
0.144330
0.134021
0.175258
0.123711
0.092784
0.134021
0.103093
0.092784
0.175258
0.134021
0.185567
0.134021
0.144330
0.113402
0.154639
0.185567
0.175258
0.185567
0.144330
0.195876
0.226804
0.175258
0.195876
0.123711
0.164948
0.154639
0.144330
0.206186
0.164948
0.134021
0.123711
0.195876
0.474227
0.144330
0.432990
0.319588
0.195876
0.134021
0.144330
0.195876
0.154639
0.144330
0.175258
0.144330
0.185567
0.216495
0.195876
0.154639
0.154639
0.154639
0.154639
0.185567
0.113402
0.103093
0.113402
0.206186
0.134021
0.092784
0.154639
0.113402
0.175258
0.164948
0.134021
0.123711
0.154639
0.113402
0.237113
0.144330
0.175258
0.154639
0.185567
0.113402
0.360825
0.216495
0.567010
0.773196
0.721649
0.154639
0.134021
0.144330
0.185567
0.206186
0.216495
0.144330
0.154639
0.154639
0.185567
0.185567
0.216495
0.154639
