0.350649
0.519481
0.480519
0.480519
0.311688
0.142857
0.129870
0.480519
0.129870
0.207792
0.194805
0.519481
0.519481
0.480519
0.428571
0.415584
0.506494
0.480519
0.064935
0.103896
0.090909
0.168831
0.480519
0.480519
0.129870
0.662338
0.155844
0.519481
0.181818
0.480519
0.480519
0.441558
0.519481
0.142857
0.129870
0.519481
0.480519
0.246753
0.285714
0.480519
0.480519
0.506494
0.519481
0.480519
0.571429
0.220779
0.441558
0.168831
0.090909
0.493506
0.181818
0.142857
0.415584
0.441558
0.480519
0.181818
0.454545
0.480519
0.480519
0.571429
0.519481
0.480519
0.181818
0.480519
0.194805
0.155844
0.142857
0.116883
0.103896
0.519481
0.129870
0.467532
0.727273
0.441558
0.454545
0.116883
0.506494
0.519481
0.103896
0.207792
0.142857
0.480519
0.103896
0.480519
0.493506
0.493506
0.779221
0.480519
0.519481
0.363636
0.519481
0.142857
0.155844
0.155844
0.480519
0.142857
0.064935
0.545455
0.194805
0.155844
0.103896
0.480519
0.519481
0.493506
0.155844
0.480519
0.233766
0.207792
0.311688
0.116883
0.168831
0.376623
0.285714
0.493506
0.480519
0.142857
0.428571
0.532468
0.571429
0.480519
0.207792
0.168831
0.090909
0.168831
0.480519
0.129870
0.480519
0.194805
0.285714
0.519481
0.467532
0.519481
0.480519
0.506494
0.155844
0.142857
0.116883
0.220779
0.519481
0.129870
0.506494
0.207792
0.155844
0.519481
0.519481
0.090909
0.480519
0.519481
0.480519
0.480519
0.168831
0.519481
0.168831
0.103896
0.480519
0.311688
0.155844
0.129870
0.480519
0.480519
0.597403
0.363636
0.480519
0.129870
0.480519
0.519481
0.129870
0.207792
0.116883
0.480519
0.168831
0.155844
0.480519
0.519481
0.480519
0.402597
0.454545
0.532468
0.480519
0.519481
0.142857
0.155844
0.480519
0.077922
0.194805
0.402597
0.142857
0.506494
0.480519
0.337662
0.376623
0.428571
0.519481
0.480519
0.480519
0.168831
0.519481
0.168831
0.480519
0.155844
0.155844
0.519481
0.506494
0.285714
0.480519
0.519481
0.519481
0.415584
0.519481
0.168831
0.103896
0.480519
0.181818
0.155844
0.155844
0.480519
0.519481
0.519481
0.480519
0.480519
0.480519
0.480519
0.454545
0.480519
0.441558
0.441558
0.103896
0.519481
0.116883
0.155844
0.168831
0.389610
0.207792
0.480519
0.168831
0.493506
0.519481
0.571429
0.441558
0.129870
0.480519
0.090909
0.155844
0.129870
0.168831
0.285714
0.480519
0.129870
0.480519
0.480519
0.480519
0.519481
0.181818
0.129870
0.090909
0.142857
0.129870
0.571429
0.181818
0.194805
0.142857
0.194805
0.259740
0.506494
0.480519
0.480519
0.402597
0.480519
0.103896
0.168831
0.506494
0.025974
0.506494
0.155844
0.129870
0.116883
0.480519
0.129870
0.584416
0.116883
0.467532
0.519481
0.415584
0.480519
0.142857
0.090909
0.519481
0.181818
0.142857
0.155844
0.480519
0.402597
0.311688
0.519481
0.480519
0.532468
0.519481
0.519481
0.506494
0.155844
