0.247863
0.170940
0.128205
0.119658
0.170940
0.239316
0.153846
0.213675
0.119658
0.111111
0.213675
0.102564
0.145299
0.179487
0.076923
0.153846
0.179487
0.111111
0.145299
0.111111
0.179487
0.102564
0.196581
0.196581
0.179487
0.136752
0.145299
0.213675
0.111111
0.153846
0.094017
0.153846
0.085470
0.136752
0.085470
0.153846
0.119658
0.205128
0.196581
0.102564
0.384615
0.119658
0.145299
0.136752
0.119658
0.119658
0.153846
0.230769
0.170940
0.128205
0.145299
0.128205
0.145299
0.205128
0.094017
0.145299
0.145299
0.188034
0.188034
0.162393
0.179487
0.145299
0.128205
0.059829
0.290598
0.136752
0.188034
0.170940
0.153846
0.153846
0.136752
0.239316
0.153846
0.179487
0.111111
0.153846
0.273504
0.179487
0.119658
0.094017
0.128205
0.170940
0.136752
0.153846
0.170940
0.196581
0.205128
0.145299
0.162393
0.102564
0.205128
0.179487
0.205128
0.136752
0.145299
0.085470
0.162393
0.145299
0.094017
0.179487
0.145299
0.162393
0.162393
0.179487
0.179487
0.094017
0.179487
0.076923
0.196581
0.128205
0.128205
0.094017
0.136752
0.179487
0.213675
0.196581
0.213675
0.119658
0.205128
0.188034
0.128205
0.282051
0.222222
0.111111
0.145299
0.213675
0.111111
0.205128
0.145299
0.205128
0.111111
0.153846
0.213675
0.128205
0.205128
0.145299
0.102564
0.213675
0.153846
0.085470
0.170940
0.111111
0.128205
0.179487
0.119658
0.196581
0.145299
0.213675
0.153846
0.170940
0.119658
0.111111
0.102564
0.196581
0.102564
0.102564
0.145299
0.179487
0.162393
0.170940
0.102564
0.128205
0.179487
0.213675
0.179487
0.145299
0.059829
0.068376
0.205128
0.179487
0.170940
0.170940
0.162393
0.068376
0.136752
0.145299
0.094017
0.102564
0.136752
0.085470
0.145299
0.128205
0.170940
0.153846
0.222222
0.247863
0.094017
0.179487
0.179487
0.179487
0.153846
0.145299
0.094017
0.119658
0.128205
0.102564
0.162393
0.162393
0.230769
0.230769
0.085470
0.247863
0.222222
0.153846
0.162393
0.119658
0.136752
0.162393
0.128205
0.111111
0.162393
0.179487
0.111111
0.136752
0.170940
0.085470
0.162393
0.162393
0.170940
0.111111
0.170940
0.136752
0.179487
0.145299
0.128205
0.085470
0.188034
0.128205
0.136752
0.136752
0.059829
0.059829
0.102564
0.128205
0.170940
0.188034
0.119658
0.153846
0.170940
0.111111
0.179487
0.170940
0.085470
0.230769
0.247863
0.205128
0.145299
0.111111
0.170940
0.119658
0.136752
0.196581
0.094017
0.111111
0.119658
0.136752
0.136752
0.205128
0.085470
0.205128
0.145299
0.076923
0.170940
0.213675
0.128205
0.188034
0.085470
0.119658
0.162393
0.256410
0.153846
0.136752
0.230769
0.068376
0.136752
0.111111
0.145299
0.145299
0.111111
0.145299
0.119658
0.247863
0.170940
0.162393
0.162393
0.111111
0.170940
0.111111
0.145299
0.119658
0.205128
0.145299
0.230769
0.094017
0.128205
0.222222
0.128205
0.111111
0.059829
0.230769
