0.070175
0.087719
0.157895
0.052632
0.035088
0.035088
0.035088
0.017544
0.035088
0.052632
0.035088
0.017544
0.070175
0.035088
0.052632
0.052632
0.052632
0.052632
0.052632
0.035088
0.052632
0.035088
0.087719
0.017544
0.035088
0.087719
0.070175
0.017544
0.035088
0.035088
0.017544
0.070175
0.052632
0.052632
0.210526
0.087719
0.017544
0.017544
0.052632
0.052632
0.052632
0.035088
0.087719
0.017544
0.035088
0.000000
0.052632
0.070175
0.035088
0.052632
0.017544
0.087719
0.052632
0.017544
0.052632
0.017544
0.035088
0.035088
0.052632
0.052632
0.000000
0.052632
0.035088
0.070175
0.087719
0.052632
0.035088
0.070175
0.017544
0.070175
0.035088
0.052632
0.000000
0.035088
0.087719
0.070175
0.052632
0.035088
0.035088
0.000000
0.070175
0.017544
0.087719
0.087719
0.052632
0.052632
0.070175
0.052632
0.052632
0.000000
0.070175
0.000000
0.035088
0.035088
0.052632
0.035088
0.052632
0.052632
0.035088
0.035088
0.017544
0.052632
0.052632
0.105263
0.070175
0.052632
0.035088
0.070175
0.017544
0.087719
0.052632
0.035088
0.052632
0.052632
0.017544
0.052632
0.052632
0.052632
0.035088
0.052632
0.087719
0.070175
0.070175
0.035088
0.052632
0.070175
0.052632
0.052632
0.052632
0.052632
0.070175
0.070175
0.035088
0.070175
0.052632
0.035088
0.035088
0.070175
0.070175
0.052632
0.070175
0.070175
0.035088
0.140351
0.052632
0.017544
0.035088
0.052632
0.087719
0.052632
0.087719
0.052632
0.017544
0.087719
0.070175
0.087719
0.087719
0.035088
0.070175
0.017544
0.087719
0.087719
0.052632
0.017544
0.052632
0.087719
0.035088
0.070175
0.052632
0.087719
0.017544
0.035088
0.035088
0.105263
0.070175
0.035088
0.035088
0.017544
0.087719
0.105263
0.052632
0.035088
0.035088
0.070175
0.035088
0.035088
0.035088
0.035088
0.035088
0.070175
0.052632
0.035088
0.105263
0.035088
0.052632
0.035088
0.017544
0.035088
0.070175
0.017544
0.087719
0.035088
0.087719
0.035088
0.070175
0.070175
0.035088
0.052632
0.052632
0.035088
0.000000
0.105263
0.105263
0.017544
0.052632
0.000000
0.035088
0.052632
0.000000
0.017544
0.052632
0.087719
0.035088
0.035088
0.105263
0.035088
0.052632
0.052632
0.017544
0.000000
0.070175
0.070175
0.070175
0.000000
0.035088
0.035088
0.070175
0.035088
0.070175
0.052632
0.017544
0.052632
0.070175
0.052632
0.035088
0.052632
0.035088
0.052632
0.035088
0.035088
0.087719
0.052632
0.035088
0.105263
0.052632
0.052632
0.087719
0.087719
0.035088
0.052632
0.052632
0.052632
0.070175
0.087719
0.052632
0.035088
0.070175
0.052632
0.052632
0.035088
0.035088
0.105263
0.017544
0.087719
0.052632
0.052632
0.070175
0.017544
0.000000
0.122807
0.035088
0.035088
0.105263
0.035088
0.017544
0.035088
0.052632
0.035088
0.052632
0.017544
0.070175
0.105263
0.105263
0.035088
0.052632
0.052632
0.035088
0.017544
0.052632
0.035088
