0.478632
0.341880
0.435897
0.478632
0.478632
0.478632
0.478632
0.478632
0.478632
0.547009
0.222222
0.478632
0.470085
0.478632
0.478632
0.213675
0.487179
0.478632
0.478632
0.478632
0.478632
0.478632
0.478632
0.478632
0.478632
0.478632
0.478632
0.478632
0.478632
0.478632
0.478632
0.478632
0.273504
0.521368
0.401709
0.478632
0.478632
0.478632
0.478632
0.478632
0.478632
0.478632
0.282051
0.478632
0.478632
0.478632
0.478632
0.478632
0.205128
0.478632
0.478632
0.341880
0.307692
0.478632
0.478632
0.478632
0.341880
0.478632
0.478632
0.478632
0.478632
0.478632
0.478632
0.478632
0.478632
0.230769
0.239316
0.316239
0.470085
0.478632
0.478632
0.478632
0.478632
0.478632
0.478632
0.478632
0.410256
0.478632
0.418803
0.290598
0.478632
0.478632
0.435897
0.478632
0.478632
0.478632
0.273504
0.478632
0.478632
0.478632
0.478632
0.222222
0.478632
0.478632
0.478632
0.478632
0.478632
0.205128
0.478632
0.478632
0.213675
0.495726
0.478632
0.478632
0.478632
0.478632
0.376068
0.230769
0.478632
0.478632
0.478632
0.478632
0.478632
0.264957
0.478632
0.478632
0.478632
0.478632
0.478632
0.478632
0.478632
0.324786
0.478632
0.478632
0.478632
0.478632
0.478632
0.478632
0.478632
0.307692
0.632479
0.478632
0.478632
0.478632
0.435897
0.478632
0.478632
0.230769
0.333333
0.273504
0.478632
0.470085
0.478632
0.495726
0.478632
0.478632
0.478632
0.735043
0.478632
0.478632
0.478632
0.478632
0.427350
0.478632
0.316239
0.478632
0.478632
0.538462
0.478632
0.324786
0.264957
0.478632
0.478632
0.478632
0.512821
0.478632
0.478632
0.478632
0.401709
0.478632
0.478632
0.478632
0.478632
0.478632
0.427350
0.478632
0.350427
0.478632
0.478632
0.350427
0.547009
0.341880
0.478632
0.478632
0.478632
0.478632
0.478632
0.478632
0.478632
0.478632
0.452991
0.264957
0.393162
0.478632
0.376068
0.316239
0.478632
0.478632
0.282051
0.282051
0.478632
0.478632
0.478632
0.478632
0.478632
0.478632
0.478632
0.452991
0.401709
0.230769
0.478632
0.478632
0.478632
0.444444
0.478632
0.641026
0.478632
0.478632
0.230769
0.504274
0.495726
0.478632
0.350427
0.478632
0.478632
0.478632
0.478632
0.478632
0.470085
0.478632
0.478632
0.478632
0.478632
0.427350
0.478632
0.478632
0.504274
0.478632
0.478632
0.393162
0.470085
0.478632
0.393162
0.478632
0.478632
0.478632
0.307692
0.478632
0.478632
0.341880
0.376068
0.478632
0.478632
0.478632
0.478632
0.478632
0.478632
0.478632
0.478632
0.222222
0.247863
0.598291
0.478632
0.478632
0.418803
0.478632
0.478632
0.478632
0.478632
0.487179
0.478632
0.478632
0.478632
0.478632
0.393162
0.410256
0.478632
0.435897
0.478632
0.478632
0.376068
0.478632
0.478632
0.478632
0.478632
0.418803
0.299145
0.478632
0.478632
0.478632
0.512821
0.478632
0.478632
0.470085
0.478632
0.478632
0.427350
0.461538
0.495726
0.478632
