0.473684
0.473684
0.473684
0.456140
0.175439
0.473684
0.385965
0.473684
0.508772
0.473684
0.473684
0.473684
0.473684
0.473684
0.473684
0.122807
0.473684
0.473684
0.473684
0.526316
0.473684
0.473684
0.473684
0.473684
0.631579
0.473684
0.473684
0.473684
0.473684
0.473684
0.473684
0.473684
0.473684
0.228070
0.192982
0.473684
0.473684
0.543860
0.596491
0.473684
0.473684
0.473684
0.473684
0.473684
0.473684
0.192982
0.473684
0.473684
0.473684
0.473684
0.438596
0.473684
0.157895
0.473684
0.473684
0.473684
0.473684
0.473684
0.473684
0.508772
0.263158
0.473684
0.473684
0.192982
0.228070
0.473684
0.473684
0.456140
0.473684
0.473684
0.456140
0.473684
0.473684
0.473684
0.473684
0.473684
0.228070
0.473684
0.473684
0.473684
0.315789
0.421053
0.421053
0.473684
0.298246
0.350877
0.473684
0.473684
0.473684
0.473684
0.473684
0.473684
0.473684
0.473684
0.473684
0.473684
0.385965
0.105263
0.473684
0.473684
0.421053
0.280702
0.368421
0.473684
0.473684
0.473684
0.315789
0.473684
0.473684
0.473684
0.438596
0.298246
0.473684
0.350877
0.508772
0.473684
0.403509
0.280702
0.473684
0.473684
0.473684
0.210526
0.473684
0.473684
0.245614
0.473684
0.263158
0.491228
0.280702
0.473684
0.245614
0.473684
0.473684
0.210526
0.315789
0.473684
0.157895
0.473684
0.298246
0.473684
0.473684
0.473684
0.228070
0.280702
0.280702
0.473684
0.473684
0.473684
0.473684
0.473684
0.473684
0.473684
0.473684
0.298246
0.473684
0.298246
0.473684
0.473684
0.368421
0.596491
0.438596
0.473684
0.473684
0.315789
0.473684
0.473684
0.526316
0.175439
0.473684
0.473684
0.473684
0.473684
0.491228
0.473684
0.350877
0.473684
0.473684
0.473684
0.473684
0.473684
0.473684
0.473684
0.473684
0.473684
0.473684
0.473684
0.385965
0.473684
0.315789
0.473684
0.473684
0.473684
0.350877
0.280702
0.473684
0.473684
0.473684
0.473684
0.280702
0.473684
0.473684
0.368421
0.385965
0.473684
0.473684
0.473684
0.473684
0.666667
0.473684
0.192982
0.473684
0.421053
0.403509
0.561404
0.473684
0.421053
0.473684
0.473684
0.473684
0.473684
0.473684
0.473684
0.473684
0.473684
0.473684
0.473684
0.473684
0.473684
0.350877
0.280702
0.473684
0.368421
0.473684
0.473684
0.473684
0.473684
0.473684
0.473684
0.473684
0.192982
0.473684
0.315789
0.473684
0.473684
0.456140
0.473684
0.245614
0.438596
0.473684
0.421053
0.491228
0.473684
0.473684
0.473684
0.473684
0.263158
0.473684
0.473684
0.543860
0.298246
0.543860
0.473684
0.473684
0.473684
0.473684
0.473684
0.245614
0.526316
0.473684
0.473684
0.473684
0.473684
0.473684
0.263158
0.473684
0.473684
0.543860
0.473684
0.473684
0.543860
0.473684
0.473684
0.473684
0.473684
0.280702
0.473684
0.473684
0.473684
0.473684
0.473684
0.473684
0.508772
0.421053
0.175439
0.456140
0.473684
0.473684
0.473684
0.473684
0.473684
