0.478632
0.239316
0.170940
0.529915
0.239316
0.162393
0.230769
0.162393
0.623932
0.170940
0.119658
0.188034
0.162393
0.598291
0.136752
0.094017
0.145299
0.341880
0.102564
0.119658
0.700855
0.752137
0.427350
0.196581
0.136752
0.162393
0.444444
0.341880
0.145299
0.188034
0.128205
0.521368
0.683761
0.273504
0.162393
0.170940
0.393162
0.589744
0.179487
0.119658
0.128205
0.051282
0.418803
0.170940
0.136752
0.145299
0.692308
0.393162
0.136752
0.222222
0.393162
0.162393
0.666667
0.247863
0.136752
0.376068
0.153846
0.427350
0.188034
0.111111
0.324786
0.572650
0.547009
0.213675
0.136752
0.581197
0.512821
0.324786
0.222222
0.085470
0.299145
0.521368
0.213675
0.145299
0.085470
0.470085
0.820513
0.666667
0.196581
0.179487
0.179487
0.196581
0.136752
0.188034
0.119658
0.128205
0.145299
0.128205
0.153846
0.188034
0.145299
0.239316
0.136752
0.153846
0.162393
0.700855
0.649573
0.683761
0.170940
0.153846
0.179487
0.153846
0.170940
0.119658
0.188034
0.188034
0.145299
0.162393
0.170940
0.239316
0.119658
0.128205
0.136752
0.153846
0.145299
0.529915
0.350427
0.478632
0.136752
0.162393
0.162393
0.179487
0.128205
0.136752
0.094017
0.153846
0.145299
0.196581
0.273504
0.136752
0.162393
0.222222
0.128205
0.162393
0.111111
0.811966
0.717949
0.512821
0.094017
0.188034
0.179487
0.162393
0.222222
0.153846
0.145299
0.179487
0.196581
0.085470
0.230769
0.170940
0.256410
0.205128
0.162393
0.128205
0.162393
0.264957
0.470085
0.521368
0.230769
0.162393
0.179487
0.162393
0.179487
0.145299
0.128205
0.196581
0.170940
0.145299
0.222222
0.282051
0.153846
0.136752
0.136752
0.136752
0.769231
0.128205
0.059829
0.094017
0.213675
0.162393
0.153846
0.170940
0.188034
0.136752
0.162393
0.188034
0.205128
0.205128
0.094017
0.153846
0.188034
0.247863
0.170940
0.196581
0.162393
0.179487
0.264957
0.324786
0.196581
0.230769
0.136752
0.188034
0.162393
0.213675
0.205128
0.213675
0.162393
0.205128
0.119658
0.102564
0.213675
0.111111
0.170940
0.162393
0.247863
0.239316
0.230769
0.153846
0.350427
0.145299
0.119658
0.128205
0.094017
0.145299
0.136752
0.076923
0.162393
0.128205
0.170940
0.213675
0.196581
0.119658
0.128205
0.136752
0.119658
0.589744
0.444444
0.521368
0.094017
0.111111
0.153846
0.205128
0.170940
0.170940
0.162393
0.230769
0.145299
0.179487
0.170940
0.145299
0.102564
0.196581
0.153846
0.213675
0.213675
0.145299
0.153846
0.709402
0.196581
0.222222
0.153846
0.153846
0.153846
0.119658
0.188034
0.162393
0.196581
0.111111
0.111111
0.136752
0.136752
0.222222
0.111111
0.153846
0.145299
0.384615
0.239316
0.290598
0.128205
0.153846
0.102564
0.179487
0.162393
0.196581
0.136752
0.136752
0.145299
0.119658
0.170940
0.179487
0.145299
0.111111
0.222222
0.683761
0.188034
0.188034
0.136752
0.222222
0.102564
0.162393
