0.017544
0.052632
0.315789
0.017544
0.035088
0.140351
0.070175
0.052632
0.070175
0.087719
0.017544
0.035088
0.035088
0.017544
0.473684
0.087719
0.122807
0.052632
0.105263
0.140351
0.403509
0.052632
0.052632
0.122807
0.350877
0.140351
0.070175
0.350877
0.035088
0.456140
0.491228
0.035088
0.035088
0.035088
0.105263
0.035088
0.052632
0.228070
0.105263
0.017544
0.298246
0.035088
0.052632
0.087719
0.491228
0.035088
0.087719
0.017544
0.087719
0.526316
0.508772
0.035088
0.070175
0.035088
0.087719
0.175439
0.087719
0.350877
0.035088
0.087719
0.543860
0.105263
0.017544
0.017544
0.298246
0.087719
0.035088
0.666667
0.087719
0.438596
0.333333
0.035088
0.052632
0.087719
0.526316
0.052632
0.000000
0.280702
0.017544
0.070175
0.333333
0.017544
0.000000
0.315789
0.157895
0.087719
0.035088
0.473684
0.017544
0.035088
0.649123
0.052632
0.052632
0.561404
0.140351
0.052632
0.052632
0.561404
0.017544
0.035088
0.368421
0.070175
0.035088
0.070175
0.368421
0.035088
0.105263
0.491228
0.035088
0.052632
0.315789
0.017544
0.052632
0.385965
0.070175
0.017544
0.070175
0.543860
0.017544
0.157895
0.210526
0.052632
0.017544
0.456140
0.070175
0.052632
0.035088
0.473684
0.052632
0.157895
0.578947
0.035088
0.052632
0.245614
0.070175
0.070175
0.035088
0.228070
0.052632
0.087719
0.228070
0.052632
0.456140
0.491228
0.000000
0.052632
0.070175
0.122807
0.105263
0.052632
0.333333
0.017544
0.035088
0.350877
0.017544
0.105263
0.052632
0.491228
0.157895
0.052632
0.035088
0.087719
0.298246
0.140351
0.070175
0.035088
0.070175
0.333333
0.000000
0.017544
0.473684
0.087719
0.473684
0.263158
0.105263
0.087719
0.052632
0.087719
0.017544
0.035088
0.157895
0.035088
0.526316
0.491228
0.052632
0.035088
0.052632
0.421053
0.087719
0.017544
0.596491
0.052632
0.473684
0.122807
0.052632
0.035088
0.105263
0.280702
0.070175
0.070175
0.245614
0.052632
0.105263
0.070175
0.105263
0.000000
0.228070
0.122807
0.035088
0.035088
0.473684
0.052632
0.000000
0.456140
0.017544
0.052632
0.543860
0.315789
0.017544
0.087719
0.491228
0.035088
0.035088
0.122807
0.035088
0.035088
0.315789
0.035088
0.070175
0.035088
0.421053
0.052632
0.000000
0.491228
0.052632
0.035088
0.526316
0.035088
0.105263
0.070175
0.175439
0.035088
0.070175
0.315789
0.035088
0.070175
0.596491
0.052632
0.087719
0.017544
0.157895
0.035088
0.035088
0.491228
0.035088
0.456140
0.228070
0.052632
0.035088
0.052632
0.508772
0.052632
0.035088
0.473684
0.087719
0.017544
0.105263
0.087719
0.017544
0.035088
0.350877
0.175439
0.105263
0.052632
0.052632
0.245614
0.175439
0.035088
0.035088
0.140351
0.473684
0.070175
0.070175
0.087719
0.035088
0.508772
0.385965
0.017544
0.035088
0.052632
0.210526
0.052632
0.035088
0.438596
0.087719
0.122807
0.333333
0.052632
0.105263
0.105263
