0.196581
0.478632
0.478632
0.333333
0.230769
0.521368
0.410256
0.213675
0.196581
0.162393
0.196581
0.478632
0.264957
0.487179
0.521368
0.478632
0.418803
0.188034
0.521368
0.162393
0.128205
0.213675
0.213675
0.153846
0.478632
0.170940
0.521368
0.213675
0.478632
0.196581
0.188034
0.478632
0.521368
0.478632
0.478632
0.153846
0.478632
0.136752
0.478632
0.478632
0.162393
0.461538
0.230769
0.487179
0.521368
0.162393
0.461538
0.264957
0.153846
0.094017
0.521368
0.478632
0.145299
0.256410
0.145299
0.478632
0.316239
0.461538
0.495726
0.213675
0.478632
0.170940
0.119658
0.162393
0.136752
0.145299
0.128205
0.478632
0.179487
0.145299
0.521368
0.478632
0.478632
0.478632
0.376068
0.153846
0.170940
0.145299
0.128205
0.196581
0.136752
0.076923
0.136752
0.128205
0.461538
0.521368
0.487179
0.136752
0.128205
0.136752
0.145299
0.478632
0.478632
0.205128
0.196581
0.102564
0.230769
0.495726
0.188034
0.162393
0.478632
0.111111
0.461538
0.264957
0.145299
0.162393
0.128205
0.478632
0.452991
0.521368
0.136752
0.196581
0.487179
0.478632
0.111111
0.350427
0.119658
0.170940
0.153846
0.213675
0.401709
0.478632
0.136752
0.153846
0.273504
0.521368
0.153846
0.478632
0.179487
0.188034
0.495726
0.136752
0.376068
0.076923
0.179487
0.239316
0.145299
0.213675
0.188034
0.470085
0.170940
0.162393
0.179487
0.213675
0.478632
0.410256
0.170940
0.478632
0.521368
0.521368
0.188034
0.504274
0.393162
0.170940
0.213675
0.521368
0.487179
0.179487
0.418803
0.136752
0.179487
0.170940
0.521368
0.188034
0.247863
0.196581
0.188034
0.179487
0.478632
0.205128
0.418803
0.085470
0.512821
0.478632
0.213675
0.401709
0.205128
0.170940
0.401709
0.478632
0.521368
0.170940
0.521368
0.444444
0.478632
0.153846
0.350427
0.205128
0.179487
0.196581
0.230769
0.478632
0.452991
0.179487
0.521368
0.470085
0.179487
0.478632
0.478632
0.358974
0.487179
0.145299
0.222222
0.478632
0.153846
0.196581
0.128205
0.170940
0.094017
0.504274
0.128205
0.136752
0.213675
0.470085
0.470085
0.478632
0.478632
0.162393
0.145299
0.162393
0.205128
0.427350
0.487179
0.478632
0.521368
0.444444
0.478632
0.461538
0.470085
0.128205
0.102564
0.478632
0.162393
0.307692
0.153846
0.478632
0.119658
0.384615
0.205128
0.521368
0.478632
0.521368
0.461538
0.179487
0.076923
0.213675
0.119658
0.512821
0.239316
0.162393
0.179487
0.162393
0.188034
0.153846
0.170940
0.529915
0.478632
0.495726
0.188034
0.512821
0.188034
0.136752
0.188034
0.478632
0.230769
0.478632
0.256410
0.128205
0.170940
0.529915
0.145299
0.162393
0.478632
0.213675
0.205128
0.247863
0.213675
0.478632
0.478632
0.478632
0.478632
0.205128
0.521368
0.495726
0.427350
0.179487
0.213675
0.478632
0.478632
0.478632
0.478632
0.153846
0.162393
0.205128
0.504274
0.487179
0.504274
0.384615
0.521368
0.478632
