0.228070
0.140351
0.245614
0.245614
0.228070
0.245614
0.192982
0.157895
0.122807
0.157895
0.105263
0.210526
0.210526
0.122807
0.105263
0.228070
0.122807
0.140351
0.192982
0.105263
0.192982
0.245614
0.228070
0.210526
0.105263
0.210526
0.210526
0.105263
0.298246
0.192982
0.263158
0.228070
0.157895
0.175439
0.157895
0.263158
0.245614
0.228070
0.157895
0.070175
0.157895
0.192982
0.175439
0.192982
0.245614
0.157895
0.192982
0.175439
0.175439
0.140351
0.210526
0.192982
0.228070
0.105263
0.280702
0.280702
0.157895
0.192982
0.157895
0.175439
0.228070
0.280702
0.052632
0.070175
0.105263
0.263158
0.140351
0.263158
0.175439
0.210526
0.175439
0.070175
0.140351
0.140351
0.140351
0.175439
0.192982
0.140351
0.175439
0.140351
0.210526
0.105263
0.122807
0.070175
0.105263
0.192982
0.298246
0.298246
0.298246
0.105263
0.315789
0.122807
0.210526
0.210526
0.175439
0.228070
0.122807
0.192982
0.140351
0.105263
0.087719
0.122807
0.228070
0.122807
0.245614
0.210526
0.245614
0.245614
0.122807
0.140351
0.140351
0.157895
0.122807
0.122807
0.280702
0.157895
0.228070
0.105263
0.087719
0.122807
0.228070
0.157895
0.245614
0.228070
0.228070
0.157895
0.175439
0.192982
0.122807
0.228070
0.210526
0.140351
0.140351
0.105263
0.263158
0.157895
0.263158
0.122807
0.157895
0.140351
0.192982
0.122807
0.175439
0.175439
0.105263
0.175439
0.122807
0.175439
0.245614
0.263158
0.105263
0.140351
0.175439
0.140351
0.192982
0.263158
0.140351
0.122807
0.105263
0.122807
0.175439
0.298246
0.210526
0.070175
0.175439
0.087719
0.175439
0.228070
0.157895
0.192982
0.210526
0.087719
0.105263
0.140351
0.105263
0.122807
0.368421
0.228070
0.192982
0.175439
0.157895
0.263158
0.192982
0.157895
0.350877
0.140351
0.122807
0.140351
0.122807
0.192982
0.210526
0.175439
0.140351
0.157895
0.157895
0.228070
0.228070
0.157895
0.175439
0.105263
0.157895
0.140351
0.070175
0.105263
0.228070
0.280702
0.122807
0.192982
0.140351
0.263158
0.122807
0.210526
0.140351
0.087719
0.105263
0.175439
0.140351
0.192982
0.087719
0.192982
0.105263
0.157895
0.035088
0.298246
0.228070
0.175439
0.105263
0.105263
0.280702
0.263158
0.245614
0.228070
0.245614
0.175439
0.105263
0.140351
0.175439
0.228070
0.210526
0.210526
0.175439
0.157895
0.175439
0.192982
0.157895
0.350877
0.140351
0.210526
0.105263
0.140351
0.245614
0.175439
0.105263
0.245614
0.122807
0.210526
0.192982
0.087719
0.157895
0.122807
0.122807
0.228070
0.192982
0.140351
0.122807
0.140351
0.175439
0.210526
0.315789
0.210526
0.140351
0.263158
0.192982
0.192982
0.157895
0.210526
0.210526
0.192982
0.105263
0.280702
0.122807
0.122807
0.122807
0.157895
0.140351
0.333333
0.087719
0.192982
0.192982
0.192982
0.157895
0.122807
0.175439
0.122807
0.157895
0.052632
0.087719
0.157895
0.122807
0.175439
