0.519481
0.259740
0.688312
0.194805
0.077922
0.129870
0.129870
0.142857
0.038961
0.597403
0.311688
0.480519
0.493506
0.246753
0.077922
0.597403
0.220779
0.519481
0.688312
0.584416
0.116883
0.207792
0.129870
0.376623
0.259740
0.324675
0.259740
0.298701
0.402597
0.194805
0.129870
0.168831
0.142857
0.506494
0.324675
0.311688
0.168831
0.142857
0.168831
0.220779
0.090909
0.285714
0.688312
0.389610
0.545455
0.116883
0.129870
0.168831
0.454545
0.480519
0.246753
0.129870
0.129870
0.454545
0.701299
0.142857
0.155844
0.168831
0.103896
0.129870
0.168831
0.519481
0.168831
0.298701
0.753247
0.311688
0.103896
0.571429
0.350649
0.519481
0.116883
0.155844
0.064935
0.116883
0.155844
0.142857
0.545455
0.129870
0.389610
0.506494
0.532468
0.194805
0.129870
0.090909
0.155844
0.142857
0.155844
0.142857
0.064935
0.155844
0.168831
0.155844
0.272727
0.272727
0.155844
0.428571
0.376623
0.454545
0.506494
0.597403
0.090909
0.142857
0.181818
0.168831
0.233766
0.064935
0.090909
0.142857
0.129870
0.142857
0.129870
0.142857
0.168831
0.142857
0.649351
0.116883
0.272727
0.194805
0.155844
0.480519
0.311688
0.103896
0.077922
0.155844
0.181818
0.155844
0.090909
0.142857
0.207792
0.129870
0.129870
0.103896
0.168831
0.168831
0.090909
0.194805
0.558442
0.727273
0.324675
0.194805
0.077922
0.155844
0.142857
0.116883
0.116883
0.155844
0.155844
0.168831
0.129870
0.129870
0.181818
0.207792
0.103896
0.181818
0.116883
0.402597
0.220779
0.168831
0.610390
0.441558
0.519481
0.103896
0.207792
0.155844
0.090909
0.142857
0.116883
0.129870
0.077922
0.116883
0.116883
0.129870
0.272727
0.194805
0.194805
0.181818
0.077922
0.207792
0.116883
0.220779
0.233766
0.129870
0.077922
0.142857
0.129870
0.155844
0.194805
0.142857
0.064935
0.155844
0.155844
0.103896
0.155844
0.181818
0.194805
0.480519
0.181818
0.363636
0.779221
0.649351
0.155844
0.168831
0.116883
0.155844
0.168831
0.181818
0.129870
0.103896
0.168831
0.116883
0.077922
0.116883
0.168831
0.129870
0.142857
0.142857
0.168831
0.103896
0.142857
0.129870
0.090909
0.129870
0.142857
0.155844
0.142857
0.142857
0.233766
0.272727
0.142857
0.103896
0.116883
0.129870
0.220779
0.168831
0.142857
0.519481
0.454545
0.129870
0.532468
0.324675
0.766234
0.116883
0.194805
0.155844
0.155844
0.155844
0.233766
0.103896
0.194805
0.116883
0.155844
0.168831
0.181818
0.129870
0.090909
0.168831
0.168831
0.116883
0.155844
0.116883
0.116883
0.116883
0.142857
0.142857
0.181818
0.129870
0.064935
0.116883
0.181818
0.142857
0.168831
0.168831
0.155844
0.155844
0.116883
0.129870
0.532468
0.610390
0.207792
0.246753
0.116883
0.155844
0.129870
0.155844
0.090909
0.194805
0.207792
0.103896
0.155844
0.155844
0.181818
0.103896
0.116883
0.155844
0.077922
0.142857
0.142857
0.155844
0.181818
0.142857
