0.578947
0.087719
0.473684
0.192982
0.403509
0.035088
0.070175
0.157895
0.122807
0.087719
0.614035
0.035088
0.087719
0.140351
0.122807
0.105263
0.508772
0.070175
0.140351
0.070175
0.473684
0.087719
0.087719
0.596491
0.526316
0.333333
0.508772
0.017544
0.157895
0.368421
0.315789
0.561404
0.157895
0.070175
0.192982
0.157895
0.526316
0.298246
0.175439
0.105263
0.280702
0.122807
0.596491
0.526316
0.052632
0.157895
0.122807
0.157895
0.052632
0.087719
0.122807
0.070175
0.245614
0.070175
0.473684
0.070175
0.122807
0.105263
0.140351
0.087719
0.122807
0.105263
0.087719
0.035088
0.719298
0.596491
0.543860
0.140351
0.105263
0.210526
0.105263
0.175439
0.105263
0.070175
0.087719
0.684211
0.140351
0.157895
0.210526
0.105263
0.122807
0.122807
0.035088
0.105263
0.070175
0.140351
0.280702
0.596491
0.368421
0.578947
0.140351
0.070175
0.035088
0.105263
0.070175
0.070175
0.140351
0.105263
0.070175
0.122807
0.122807
0.105263
0.070175
0.035088
0.105263
0.122807
0.052632
0.140351
0.140351
0.140351
0.438596
0.035088
0.614035
0.140351
0.105263
0.017544
0.052632
0.192982
0.175439
0.157895
0.105263
0.175439
0.175439
0.070175
0.052632
0.017544
0.105263
0.052632
0.105263
0.140351
0.192982
0.070175
0.140351
0.614035
0.070175
0.280702
0.456140
0.157895
0.070175
0.105263
0.052632
0.157895
0.157895
0.035088
0.035088
0.052632
0.052632
0.070175
0.105263
0.070175
0.000000
0.105263
0.052632
0.157895
0.140351
0.140351
0.403509
0.105263
0.456140
0.719298
0.070175
0.105263
0.035088
0.070175
0.087719
0.140351
0.105263
0.105263
0.070175
0.035088
0.157895
0.087719
0.105263
0.070175
0.157895
0.087719
0.210526
0.087719
0.052632
0.122807
0.543860
0.210526
0.473684
0.052632
0.070175
0.122807
0.105263
0.140351
0.087719
0.105263
0.087719
0.087719
0.157895
0.175439
0.070175
0.087719
0.087719
0.140351
0.087719
0.140351
0.087719
0.245614
0.175439
0.157895
0.701754
0.140351
0.596491
0.157895
0.105263
0.087719
0.140351
0.087719
0.122807
0.122807
0.087719
0.087719
0.105263
0.087719
0.105263
0.140351
0.052632
0.157895
0.105263
0.122807
0.070175
0.070175
0.192982
0.105263
0.456140
0.035088
0.561404
0.105263
0.052632
0.122807
0.122807
0.070175
0.070175
0.105263
0.070175
0.052632
0.087719
0.070175
0.070175
0.087719
0.070175
0.070175
0.087719
0.087719
0.035088
0.175439
0.052632
0.456140
0.105263
0.385965
0.543860
0.157895
0.105263
0.210526
0.122807
0.122807
0.140351
0.105263
0.140351
0.122807
0.105263
0.070175
0.035088
0.105263
0.070175
0.035088
0.070175
0.035088
0.122807
0.105263
0.087719
0.105263
0.526316
0.122807
0.087719
0.192982
0.122807
0.052632
0.175439
0.122807
0.052632
0.157895
0.052632
0.157895
0.087719
0.122807
0.122807
0.122807
0.035088
0.122807
0.157895
0.087719
0.070175
0.070175
0.438596
0.175439
