0.480519
0.480519
0.480519
0.363636
0.480519
0.480519
0.480519
0.493506
0.480519
0.480519
0.480519
0.480519
0.480519
0.480519
0.103896
0.480519
0.480519
0.480519
0.480519
0.480519
0.480519
0.480519
0.220779
0.441558
0.571429
0.480519
0.480519
0.480519
0.480519
0.480519
0.480519
0.480519
0.467532
0.480519
0.376623
0.480519
0.480519
0.519481
0.480519
0.480519
0.480519
0.480519
0.480519
0.480519
0.480519
0.324675
0.480519
0.480519
0.480519
0.480519
0.493506
0.480519
0.272727
0.480519
0.480519
0.480519
0.428571
0.480519
0.480519
0.480519
0.480519
0.389610
0.480519
0.519481
0.480519
0.467532
0.480519
0.480519
0.480519
0.415584
0.480519
0.480519
0.519481
0.363636
0.480519
0.324675
0.480519
0.480519
0.402597
0.480519
0.558442
0.480519
0.480519
0.220779
0.545455
0.480519
0.480519
0.558442
0.480519
0.480519
0.285714
0.480519
0.584416
0.480519
0.480519
0.324675
0.272727
0.467532
0.480519
0.311688
0.480519
0.480519
0.480519
0.272727
0.480519
0.350649
0.220779
0.480519
0.480519
0.480519
0.480519
0.480519
0.480519
0.480519
0.480519
0.480519
0.480519
0.480519
0.480519
0.246753
0.480519
0.480519
0.480519
0.272727
0.480519
0.636364
0.480519
0.142857
0.480519
0.480519
0.480519
0.480519
0.480519
0.480519
0.480519
0.480519
0.246753
0.480519
0.480519
0.493506
0.480519
0.480519
0.480519
0.207792
0.480519
0.480519
0.597403
0.480519
0.480519
0.480519
0.480519
0.480519
0.480519
0.480519
0.480519
0.480519
0.480519
0.415584
0.155844
0.246753
0.480519
0.480519
0.324675
0.493506
0.441558
0.480519
0.285714
0.519481
0.480519
0.480519
0.480519
0.480519
0.259740
0.480519
0.480519
0.480519
0.480519
0.402597
0.480519
0.480519
0.480519
0.220779
0.480519
0.480519
0.298701
0.337662
0.272727
0.246753
0.233766
0.493506
0.415584
0.480519
0.285714
0.454545
0.363636
0.233766
0.480519
0.480519
0.480519
0.480519
0.337662
0.480519
0.480519
0.480519
0.480519
0.480519
0.207792
0.480519
0.779221
0.480519
0.480519
0.402597
0.480519
0.298701
0.467532
0.480519
0.480519
0.480519
0.467532
0.168831
0.506494
0.610390
0.480519
0.402597
0.480519
0.480519
0.402597
0.259740
0.558442
0.441558
0.480519
0.480519
0.480519
0.480519
0.480519
0.493506
0.480519
0.480519
0.402597
0.480519
0.480519
0.480519
0.480519
0.480519
0.480519
0.480519
0.480519
0.311688
0.480519
0.389610
0.480519
0.480519
0.480519
0.246753
0.376623
0.519481
0.415584
0.480519
0.519481
0.480519
0.480519
0.597403
0.181818
0.480519
0.480519
0.480519
0.623377
0.480519
0.480519
0.480519
0.480519
0.493506
0.480519
0.480519
0.519481
0.480519
0.324675
0.350649
0.480519
0.480519
0.480519
0.480519
0.480519
0.363636
0.467532
0.480519
0.480519
0.350649
0.480519
0.480519
0.480519
0.259740
0.207792
0.493506
0.480519
0.480519
0.480519
0.480519
0.558442
0.480519
