0.478632
0.247863
0.179487
0.478632
0.196581
0.478632
0.213675
0.452991
0.136752
0.188034
0.435897
0.478632
0.623932
0.205128
0.495726
0.495726
0.290598
0.179487
0.401709
0.179487
0.478632
0.487179
0.478632
0.495726
0.153846
0.555556
0.632479
0.341880
0.478632
0.410256
0.410256
0.213675
0.504274
0.162393
0.478632
0.316239
0.179487
0.350427
0.256410
0.504274
0.376068
0.170940
0.324786
0.230769
0.581197
0.316239
0.324786
0.512821
0.470085
0.427350
0.478632
0.341880
0.179487
0.264957
0.299145
0.324786
0.256410
0.478632
0.205128
0.222222
0.162393
0.478632
0.461538
0.102564
0.452991
0.478632
0.230769
0.478632
0.504274
0.495726
0.504274
0.256410
0.170940
0.341880
0.162393
0.222222
0.316239
0.213675
0.205128
0.478632
0.222222
0.470085
0.521368
0.307692
0.470085
0.478632
0.222222
0.376068
0.478632
0.521368
0.538462
0.478632
0.239316
0.188034
0.717949
0.461538
0.247863
0.170940
0.521368
0.393162
0.256410
0.615385
0.393162
0.162393
0.658120
0.487179
0.162393
0.478632
0.521368
0.478632
0.401709
0.085470
0.162393
0.478632
0.179487
0.213675
0.179487
0.239316
0.461538
0.478632
0.239316
0.239316
0.393162
0.307692
0.461538
0.299145
0.264957
0.162393
0.273504
0.478632
0.470085
0.521368
0.239316
0.256410
0.247863
0.188034
0.196581
0.393162
0.239316
0.222222
0.487179
0.504274
0.478632
0.487179
0.264957
0.521368
0.418803
0.299145
0.213675
0.393162
0.572650
0.470085
0.478632
0.538462
0.205128
0.162393
0.478632
0.222222
0.264957
0.213675
0.239316
0.205128
0.487179
0.410256
0.393162
0.170940
0.504274
0.410256
0.350427
0.452991
0.478632
0.666667
0.478632
0.247863
0.128205
0.358974
0.470085
0.324786
0.478632
0.512821
0.521368
0.128205
0.512821
0.794872
0.239316
0.264957
0.179487
0.213675
0.504274
0.521368
0.521368
0.162393
0.495726
0.478632
0.478632
0.145299
0.358974
0.452991
0.589744
0.478632
0.136752
0.179487
0.162393
0.341880
0.504274
0.478632
0.495726
0.153846
0.589744
0.247863
0.478632
0.290598
0.427350
0.615385
0.478632
0.256410
0.205128
0.196581
0.572650
0.427350
0.153846
0.179487
0.401709
0.384615
0.470085
0.478632
0.521368
0.555556
0.504274
0.461538
0.410256
0.299145
0.358974
0.487179
0.401709
0.273504
0.290598
0.222222
0.128205
0.333333
0.222222
0.675214
0.213675
0.247863
0.213675
0.264957
0.153846
0.239316
0.538462
0.282051
0.230769
0.478632
0.179487
0.504274
0.478632
0.478632
0.247863
0.290598
0.247863
0.188034
0.256410
0.128205
0.444444
0.145299
0.478632
0.512821
0.205128
0.487179
0.324786
0.222222
0.521368
0.547009
0.675214
0.478632
0.282051
0.538462
0.136752
0.196581
0.410256
0.418803
0.153846
0.384615
0.136752
0.444444
0.205128
0.521368
0.358974
0.324786
0.205128
0.367521
0.478632
0.358974
0.205128
0.222222
0.188034
0.504274
0.521368
0.179487
0.504274
0.179487
