0.145299
0.239316
0.153846
0.213675
0.205128
0.162393
0.230769
0.162393
0.128205
0.145299
0.102564
0.128205
0.162393
0.153846
0.128205
0.085470
0.162393
0.205128
0.085470
0.145299
0.111111
0.102564
0.196581
0.188034
0.153846
0.179487
0.162393
0.136752
0.128205
0.162393
0.145299
0.179487
0.162393
0.247863
0.179487
0.179487
0.179487
0.153846
0.196581
0.102564
0.119658
0.042735
0.145299
0.179487
0.128205
0.153846
0.128205
0.145299
0.111111
0.222222
0.196581
0.128205
0.076923
0.239316
0.153846
0.111111
0.145299
0.162393
0.188034
0.102564
0.170940
0.188034
0.111111
0.153846
0.145299
0.170940
0.162393
0.136752
0.188034
0.094017
0.213675
0.119658
0.119658
0.136752
0.128205
0.128205
0.179487
0.119658
0.205128
0.188034
0.179487
0.170940
0.128205
0.230769
0.170940
0.128205
0.153846
0.111111
0.179487
0.153846
0.119658
0.196581
0.145299
0.162393
0.188034
0.162393
0.153846
0.102564
0.170940
0.170940
0.179487
0.145299
0.170940
0.119658
0.222222
0.179487
0.128205
0.136752
0.222222
0.239316
0.145299
0.128205
0.102564
0.153846
0.170940
0.136752
0.162393
0.188034
0.136752
0.162393
0.170940
0.170940
0.128205
0.128205
0.094017
0.145299
0.136752
0.196581
0.222222
0.119658
0.136752
0.196581
0.119658
0.162393
0.119658
0.145299
0.213675
0.179487
0.094017
0.179487
0.179487
0.111111
0.230769
0.145299
0.153846
0.162393
0.213675
0.076923
0.162393
0.170940
0.316239
0.153846
0.145299
0.153846
0.153846
0.153846
0.196581
0.102564
0.205128
0.179487
0.153846
0.153846
0.145299
0.153846
0.128205
0.153846
0.188034
0.128205
0.170940
0.264957
0.153846
0.153846
0.128205
0.111111
0.111111
0.119658
0.085470
0.128205
0.119658
0.153846
0.128205
0.153846
0.170940
0.136752
0.136752
0.188034
0.230769
0.128205
0.076923
0.119658
0.179487
0.162393
0.170940
0.205128
0.170940
0.170940
0.179487
0.188034
0.188034
0.205128
0.136752
0.205128
0.162393
0.196581
0.145299
0.162393
0.179487
0.179487
0.111111
0.102564
0.196581
0.094017
0.179487
0.145299
0.222222
0.239316
0.205128
0.145299
0.128205
0.153846
0.145299
0.136752
0.111111
0.102564
0.153846
0.094017
0.188034
0.128205
0.170940
0.188034
0.179487
0.136752
0.136752
0.128205
0.162393
0.145299
0.119658
0.153846
0.102564
0.128205
0.145299
0.213675
0.188034
0.136752
0.170940
0.222222
0.153846
0.094017
0.188034
0.145299
0.094017
0.179487
0.162393
0.162393
0.205128
0.145299
0.119658
0.128205
0.196581
0.179487
0.145299
0.145299
0.128205
0.136752
0.230769
0.170940
0.230769
0.145299
0.128205
0.119658
0.153846
0.205128
0.102564
0.128205
0.136752
0.128205
0.128205
0.119658
0.136752
0.128205
0.094017
0.145299
0.145299
0.239316
0.128205
0.111111
0.162393
0.119658
0.162393
0.188034
0.145299
0.119658
0.205128
0.179487
0.179487
0.196581
0.128205
0.205128
0.111111
0.162393
