0.519481
0.155844
0.402597
0.012987
0.116883
0.025974
0.298701
0.051948
0.012987
0.038961
0.012987
0.480519
0.090909
0.051948
0.155844
0.025974
0.467532
0.311688
0.038961
0.025974
0.064935
0.454545
0.103896
0.051948
0.558442
0.090909
0.480519
0.233766
0.077922
0.025974
0.051948
0.350649
0.051948
0.038961
0.506494
0.064935
0.350649
0.168831
0.077922
0.051948
0.051948
0.324675
0.038961
0.051948
0.441558
0.038961
0.480519
0.116883
0.025974
0.051948
0.077922
0.246753
0.038961
0.103896
0.298701
0.038961
0.532468
0.259740
0.051948
0.064935
0.480519
0.389610
0.064935
0.129870
0.233766
0.064935
0.103896
0.142857
0.051948
0.038961
0.246753
0.038961
0.077922
0.090909
0.103896
0.051948
0.038961
0.181818
0.077922
0.480519
0.493506
0.025974
0.038961
0.038961
0.181818
0.051948
0.051948
0.428571
0.000000
0.168831
0.350649
0.103896
0.038961
0.129870
0.246753
0.038961
0.051948
0.389610
0.012987
0.142857
0.220779
0.077922
0.025974
0.064935
0.480519
0.090909
0.038961
0.441558
0.038961
0.259740
0.480519
0.012987
0.064935
0.103896
0.337662
0.012987
0.025974
0.467532
0.064935
0.454545
0.506494
0.090909
0.064935
0.077922
0.467532
0.038961
0.025974
0.480519
0.064935
0.467532
0.038961
0.051948
0.038961
0.064935
0.272727
0.025974
0.038961
0.194805
0.051948
0.051948
0.545455
0.025974
0.077922
0.493506
0.064935
0.025974
0.103896
0.350649
0.077922
0.077922
0.194805
0.051948
0.025974
0.480519
0.090909
0.025974
0.077922
0.272727
0.038961
0.051948
0.480519
0.038961
0.090909
0.155844
0.025974
0.103896
0.012987
0.090909
0.090909
0.025974
0.519481
0.000000
0.467532
0.246753
0.077922
0.077922
0.025974
0.532468
0.064935
0.025974
0.363636
0.116883
0.467532
0.272727
0.025974
0.077922
0.038961
0.363636
0.064935
0.090909
0.350649
0.012987
0.363636
0.311688
0.051948
0.051948
0.129870
0.246753
0.103896
0.038961
0.558442
0.103896
0.168831
0.389610
0.064935
0.051948
0.116883
0.311688
0.051948
0.064935
0.480519
0.025974
0.480519
0.506494
0.051948
0.129870
0.480519
0.077922
0.103896
0.025974
0.285714
0.103896
0.012987
0.441558
0.090909
0.480519
0.311688
0.038961
0.038961
0.038961
0.441558
0.090909
0.051948
0.194805
0.077922
0.077922
0.337662
0.000000
0.077922
0.038961
0.155844
0.038961
0.103896
0.493506
0.077922
0.350649
0.480519
0.116883
0.038961
0.038961
0.142857
0.064935
0.038961
0.324675
0.051948
0.103896
0.051948
0.051948
0.012987
0.480519
0.506494
0.103896
0.051948
0.532468
0.077922
0.038961
0.441558
0.064935
0.363636
0.207792
0.103896
0.090909
0.025974
0.285714
0.025974
0.077922
0.233766
0.038961
0.038961
0.220779
0.012987
0.051948
0.038961
0.194805
0.090909
0.077922
0.363636
0.103896
0.077922
0.532468
0.077922
0.051948
0.051948
0.090909
0.103896
0.077922
0.311688
0.142857
0.337662
0.480519
