0.474227
0.309278
0.474227
0.474227
0.288660
0.237113
0.144330
0.216495
0.298969
0.278351
0.164948
0.412371
0.134021
0.453608
0.216495
0.164948
0.597938
0.247423
0.216495
0.247423
0.164948
0.350515
0.237113
0.515464
0.103093
0.463918
0.474227
0.474227
0.432990
0.443299
0.381443
0.195876
0.247423
0.443299
0.474227
0.216495
0.288660
0.278351
0.422680
0.319588
0.134021
0.154639
0.391753
0.134021
0.195876
0.525773
0.453608
0.432990
0.474227
0.206186
0.164948
0.474227
0.536082
0.494845
0.474227
0.206186
0.144330
0.195876
0.453608
0.195876
0.051546
0.536082
0.484536
0.536082
0.185567
0.237113
0.175258
0.525773
0.443299
0.164948
0.185567
0.484536
0.494845
0.474227
0.567010
0.474227
0.237113
0.247423
0.474227
0.185567
0.257732
0.247423
0.237113
0.134021
0.175258
0.154639
0.195876
0.453608
0.144330
0.525773
0.268041
0.298969
0.474227
0.474227
0.515464
0.474227
0.154639
0.257732
0.247423
0.474227
0.092784
0.268041
0.474227
0.474227
0.195876
0.474227
0.494845
0.134021
0.309278
0.195876
0.412371
0.175258
0.546392
0.422680
0.268041
0.546392
0.474227
0.216495
0.319588
0.412371
0.257732
0.175258
0.474227
0.525773
0.402062
0.278351
0.371134
0.525773
0.144330
0.237113
0.309278
0.216495
0.247423
0.484536
0.515464
0.453608
0.484536
0.247423
0.195876
0.474227
0.298969
0.144330
0.164948
0.350515
0.463918
0.319588
0.432990
0.484536
0.226804
0.474227
0.216495
0.195876
0.185567
0.185567
0.453608
0.474227
0.443299
0.226804
0.237113
0.206186
0.474227
0.185567
0.257732
0.278351
0.144330
0.412371
0.484536
0.185567
0.360825
0.453608
0.474227
0.494845
0.164948
0.268041
0.412371
0.474227
0.536082
0.443299
0.474227
0.185567
0.216495
0.216495
0.474227
0.546392
0.494845
0.422680
0.474227
0.226804
0.175258
0.226804
0.298969
0.474227
0.226804
0.649485
0.536082
0.350515
0.175258
0.257732
0.484536
0.154639
0.587629
0.268041
0.175258
0.278351
0.268041
0.443299
0.432990
0.175258
0.082474
0.195876
0.474227
0.525773
0.474227
0.474227
0.247423
0.494845
0.216495
0.484536
0.577320
0.474227
0.164948
0.474227
0.144330
0.164948
0.556701
0.525773
0.288660
0.474227
0.298969
0.216495
0.206186
0.247423
0.185567
0.226804
0.206186
0.257732
0.195876
0.164948
0.195876
0.474227
0.474227
0.288660
0.484536
0.216495
0.453608
0.288660
0.474227
0.134021
0.309278
0.329897
0.268041
0.494845
0.185567
0.474227
0.474227
0.195876
0.185567
0.536082
0.494845
0.494845
0.556701
0.525773
0.164948
0.185567
0.288660
0.226804
0.278351
0.515464
0.474227
0.185567
0.247423
0.546392
0.505155
0.144330
0.474227
0.474227
0.185567
0.484536
0.474227
0.474227
0.494845
0.474227
0.422680
0.206186
0.134021
0.391753
0.226804
0.195876
0.505155
0.164948
0.175258
0.309278
0.216495
0.216495
0.443299
0.340206
0.474227
0.195876
0.216495
0.247423
