0.135135
0.189189
0.108108
0.324324
0.297297
0.378378
0.486486
0.486486
0.486486
0.108108
0.081081
0.243243
0.135135
0.135135
0.405405
0.324324
0.513514
0.135135
0.324324
0.540541
0.513514
0.378378
0.621622
0.324324
0.567568
0.486486
0.324324
0.540541
0.486486
0.486486
0.243243
0.216216
0.243243
0.135135
0.189189
0.351351
0.540541
0.135135
0.216216
0.054054
0.486486
0.216216
0.297297
0.567568
0.486486
0.162162
0.486486
0.486486
0.486486
0.486486
0.189189
0.486486
0.324324
0.189189
0.216216
0.216216
0.540541
0.324324
0.297297
0.594595
0.189189
0.486486
0.135135
0.594595
0.459459
0.486486
0.594595
0.162162
0.486486
0.513514
0.135135
0.189189
0.216216
0.216216
0.270270
0.324324
0.297297
0.513514
0.486486
0.216216
0.243243
0.486486
0.486486
0.270270
0.486486
0.513514
0.108108
0.513514
0.486486
0.459459
0.513514
0.162162
0.189189
0.162162
0.243243
0.378378
0.351351
0.162162
0.162162
0.297297
0.162162
0.405405
0.459459
0.432432
0.594595
0.297297
0.540541
0.054054
0.486486
0.135135
0.405405
0.459459
0.351351
0.216216
0.108108
0.135135
0.486486
0.162162
0.270270
0.054054
0.054054
0.243243
0.459459
0.486486
0.513514
0.378378
0.486486
0.243243
0.162162
0.486486
0.594595
0.486486
0.108108
0.405405
0.162162
0.108108
0.243243
0.243243
0.459459
0.297297
0.108108
0.459459
0.135135
0.486486
0.135135
0.486486
0.324324
0.135135
0.108108
0.270270
0.216216
0.621622
0.486486
0.108108
0.486486
0.135135
0.243243
0.486486
0.216216
0.162162
0.162162
0.243243
0.486486
0.216216
0.432432
0.486486
0.135135
0.486486
0.162162
0.486486
0.486486
0.459459
0.513514
0.189189
0.243243
0.108108
0.081081
0.270270
0.162162
0.243243
0.459459
0.108108
0.135135
0.459459
0.513514
0.513514
0.486486
0.324324
0.432432
0.297297
0.135135
0.378378
0.297297
0.135135
0.324324
0.216216
0.135135
0.540541
0.486486
0.378378
0.486486
0.351351
0.351351
0.162162
0.378378
0.567568
0.243243
0.243243
0.567568
0.189189
0.486486
0.405405
0.486486
0.459459
0.405405
0.216216
0.297297
0.135135
0.189189
0.162162
0.243243
0.486486
0.486486
0.243243
0.189189
0.270270
0.459459
0.108108
0.486486
0.486486
0.243243
0.486486
0.135135
0.324324
0.216216
0.189189
0.135135
0.324324
0.432432
0.351351
0.135135
0.270270
0.162162
0.216216
0.378378
0.135135
0.459459
0.459459
0.270270
0.189189
0.243243
0.486486
0.216216
0.486486
0.486486
0.486486
0.216216
0.216216
0.216216
0.513514
0.216216
0.189189
0.108108
0.405405
0.216216
0.189189
0.270270
0.270270
0.351351
0.486486
0.243243
0.297297
0.486486
0.513514
0.162162
0.324324
0.486486
0.513514
0.486486
0.243243
0.243243
0.189189
0.432432
0.189189
0.216216
0.297297
0.243243
0.297297
0.432432
0.216216
0.243243
0.486486
0.189189
0.432432
0.486486
0.432432
0.486486
0.432432
0.270270
0.216216
