0.128205
0.162393
0.068376
0.119658
0.068376
0.119658
0.128205
0.059829
0.076923
0.102564
0.162393
0.042735
0.025641
0.094017
0.145299
0.085470
0.051282
0.085470
0.128205
0.111111
0.111111
0.076923
0.068376
0.102564
0.094017
0.136752
0.025641
0.094017
0.153846
0.102564
0.145299
0.119658
0.145299
0.076923
0.162393
0.076923
0.128205
0.076923
0.136752
0.111111
0.128205
0.102564
0.179487
0.102564
0.102564
0.128205
0.170940
0.179487
0.076923
0.051282
0.085470
0.119658
0.111111
0.102564
0.076923
0.128205
0.068376
0.076923
0.111111
0.094017
0.136752
0.145299
0.076923
0.094017
0.076923
0.076923
0.111111
0.145299
0.068376
0.145299
0.128205
0.162393
0.170940
0.119658
0.059829
0.102564
0.119658
0.128205
0.102564
0.085470
0.085470
0.076923
0.102564
0.136752
0.068376
0.119658
0.170940
0.059829
0.076923
0.145299
0.102564
0.136752
0.111111
0.136752
0.085470
0.111111
0.076923
0.076923
0.145299
0.119658
0.222222
0.085470
0.059829
0.136752
0.153846
0.111111
0.051282
0.085470
0.051282
0.059829
0.119658
0.128205
0.102564
0.119658
0.094017
0.264957
0.076923
0.059829
0.085470
0.170940
0.042735
0.170940
0.076923
0.085470
0.145299
0.094017
0.076923
0.076923
0.085470
0.102564
0.145299
0.076923
0.094017
0.025641
0.128205
0.051282
0.059829
0.153846
0.068376
0.068376
0.136752
0.111111
0.162393
0.128205
0.076923
0.076923
0.042735
0.094017
0.068376
0.076923
0.102564
0.042735
0.059829
0.102564
0.128205
0.051282
0.059829
0.076923
0.068376
0.042735
0.153846
0.111111
0.085470
0.170940
0.162393
0.042735
0.128205
0.196581
0.051282
0.042735
0.145299
0.042735
0.179487
0.102564
0.051282
0.119658
0.068376
0.102564
0.076923
0.034188
0.094017
0.042735
0.025641
0.051282
0.119658
0.085470
0.119658
0.094017
0.085470
0.068376
0.119658
0.153846
0.119658
0.076923
0.085470
0.076923
0.128205
0.094017
0.111111
0.162393
0.068376
0.042735
0.085470
0.085470
0.068376
0.128205
0.051282
0.119658
0.059829
0.111111
0.094017
0.102564
0.145299
0.102564
0.128205
0.076923
0.094017
0.076923
0.051282
0.059829
0.136752
0.153846
0.051282
0.111111
0.094017
0.162393
0.222222
0.136752
0.068376
0.128205
0.094017
0.094017
0.145299
0.085470
0.153846
0.145299
0.068376
0.042735
0.042735
0.145299
0.042735
0.051282
0.145299
0.042735
0.042735
0.128205
0.085470
0.085470
0.153846
0.170940
0.179487
0.076923
0.068376
0.145299
0.111111
0.068376
0.119658
0.102564
0.170940
0.068376
0.111111
0.034188
0.102564
0.162393
0.136752
0.136752
0.153846
0.051282
0.145299
0.136752
0.059829
0.085470
0.076923
0.162393
0.162393
0.094017
0.162393
0.085470
0.085470
0.111111
0.119658
0.059829
0.068376
0.076923
0.111111
0.128205
0.196581
0.119658
0.051282
0.119658
0.059829
0.111111
0.128205
0.136752
0.128205
0.068376
0.051282
0.051282
0.068376
0.068376
