0.473684
0.473684
0.614035
0.473684
0.473684
0.403509
0.228070
0.491228
0.526316
0.175439
0.228070
0.140351
0.192982
0.122807
0.175439
0.421053
0.473684
0.456140
0.473684
0.210526
0.473684
0.122807
0.087719
0.526316
0.473684
0.508772
0.140351
0.157895
0.175439
0.526316
0.175439
0.070175
0.140351
0.157895
0.052632
0.473684
0.473684
0.210526
0.175439
0.122807
0.473684
0.157895
0.526316
0.210526
0.526316
0.456140
0.333333
0.052632
0.140351
0.526316
0.210526
0.456140
0.526316
0.122807
0.263158
0.192982
0.473684
0.526316
0.087719
0.526316
0.526316
0.473684
0.175439
0.192982
0.157895
0.192982
0.473684
0.508772
0.385965
0.122807
0.192982
0.157895
0.473684
0.491228
0.473684
0.122807
0.333333
0.228070
0.175439
0.087719
0.210526
0.087719
0.157895
0.473684
0.526316
0.192982
0.508772
0.087719
0.403509
0.473684
0.526316
0.105263
0.122807
0.491228
0.122807
0.175439
0.192982
0.245614
0.473684
0.087719
0.298246
0.438596
0.473684
0.105263
0.122807
0.070175
0.192982
0.526316
0.105263
0.052632
0.052632
0.175439
0.245614
0.473684
0.526316
0.473684
0.473684
0.140351
0.122807
0.210526
0.140351
0.473684
0.070175
0.280702
0.508772
0.157895
0.438596
0.438596
0.105263
0.175439
0.210526
0.333333
0.228070
0.456140
0.210526
0.473684
0.473684
0.315789
0.210526
0.438596
0.438596
0.473684
0.473684
0.543860
0.473684
0.473684
0.245614
0.228070
0.192982
0.228070
0.192982
0.087719
0.087719
0.368421
0.473684
0.473684
0.105263
0.052632
0.473684
0.526316
0.526316
0.157895
0.140351
0.157895
0.157895
0.157895
0.473684
0.140351
0.473684
0.245614
0.192982
0.473684
0.526316
0.192982
0.192982
0.561404
0.140351
0.122807
0.175439
0.473684
0.210526
0.421053
0.473684
0.526316
0.070175
0.175439
0.157895
0.157895
0.228070
0.122807
0.087719
0.122807
0.526316
0.210526
0.421053
0.315789
0.473684
0.157895
0.473684
0.473684
0.473684
0.228070
0.210526
0.140351
0.140351
0.192982
0.192982
0.122807
0.035088
0.192982
0.122807
0.491228
0.122807
0.157895
0.473684
0.157895
0.192982
0.315789
0.070175
0.140351
0.122807
0.140351
0.473684
0.473684
0.122807
0.087719
0.526316
0.140351
0.473684
0.473684
0.140351
0.157895
0.105263
0.105263
0.210526
0.122807
0.245614
0.122807
0.140351
0.491228
0.175439
0.070175
0.508772
0.473684
0.175439
0.210526
0.508772
0.192982
0.140351
0.105263
0.473684
0.140351
0.473684
0.508772
0.508772
0.473684
0.210526
0.473684
0.122807
0.052632
0.175439
0.298246
0.122807
0.210526
0.192982
0.052632
0.438596
0.385965
0.087719
0.526316
0.210526
0.508772
0.122807
0.403509
0.140351
0.526316
0.105263
0.157895
0.508772
0.245614
0.473684
0.105263
0.087719
0.473684
0.491228
0.087719
0.245614
0.473684
0.140351
0.473684
0.157895
0.105263
0.508772
0.473684
0.087719
0.245614
0.526316
0.175439
0.157895
0.263158
