0.368421
0.315789
0.491228
0.438596
0.473684
0.052632
0.578947
0.157895
0.228070
0.192982
0.368421
0.298246
0.578947
0.526316
0.473684
0.473684
0.508772
0.473684
0.526316
0.526316
0.526316
0.052632
0.473684
0.473684
0.403509
0.210526
0.473684
0.491228
0.473684
0.526316
0.473684
0.649123
0.368421
0.140351
0.473684
0.105263
0.473684
0.087719
0.473684
0.175439
0.122807
0.403509
0.385965
0.473684
0.508772
0.473684
0.526316
0.473684
0.140351
0.473684
0.140351
0.140351
0.122807
0.210526
0.368421
0.473684
0.105263
0.473684
0.526316
0.491228
0.035088
0.526316
0.122807
0.175439
0.473684
0.456140
0.473684
0.526316
0.350877
0.526316
0.473684
0.526316
0.157895
0.140351
0.491228
0.473684
0.473684
0.473684
0.140351
0.087719
0.192982
0.070175
0.140351
0.175439
0.122807
0.122807
0.368421
0.526316
0.508772
0.403509
0.473684
0.543860
0.070175
0.140351
0.122807
0.421053
0.140351
0.140351
0.473684
0.175439
0.403509
0.491228
0.473684
0.456140
0.666667
0.526316
0.473684
0.140351
0.175439
0.403509
0.122807
0.192982
0.122807
0.070175
0.473684
0.192982
0.421053
0.473684
0.368421
0.368421
0.368421
0.473684
0.122807
0.087719
0.526316
0.105263
0.087719
0.526316
0.526316
0.526316
0.473684
0.526316
0.105263
0.473684
0.192982
0.526316
0.473684
0.228070
0.157895
0.526316
0.526316
0.228070
0.473684
0.280702
0.315789
0.473684
0.473684
0.526316
0.526316
0.175439
0.105263
0.473684
0.122807
0.473684
0.157895
0.192982
0.526316
0.526316
0.122807
0.649123
0.473684
0.192982
0.526316
0.526316
0.473684
0.473684
0.157895
0.175439
0.263158
0.526316
0.157895
0.263158
0.140351
0.192982
0.122807
0.105263
0.491228
0.333333
0.596491
0.473684
0.473684
0.526316
0.122807
0.315789
0.473684
0.087719
0.122807
0.210526
0.105263
0.263158
0.140351
0.403509
0.526316
0.508772
0.526316
0.614035
0.192982
0.140351
0.122807
0.157895
0.526316
0.175439
0.192982
0.157895
0.228070
0.508772
0.771930
0.122807
0.473684
0.526316
0.140351
0.157895
0.473684
0.122807
0.122807
0.035088
0.438596
0.315789
0.473684
0.754386
0.473684
0.473684
0.245614
0.526316
0.473684
0.122807
0.122807
0.140351
0.070175
0.175439
0.473684
0.140351
0.526316
0.526316
0.052632
0.105263
0.473684
0.491228
0.473684
0.403509
0.070175
0.192982
0.263158
0.526316
0.175439
0.140351
0.228070
0.719298
0.473684
0.473684
0.473684
0.403509
0.473684
0.473684
0.456140
0.192982
0.175439
0.473684
0.122807
0.105263
0.105263
0.473684
0.473684
0.473684
0.684211
0.438596
0.473684
0.210526
0.228070
0.526316
0.473684
0.122807
0.438596
0.157895
0.140351
0.210526
0.105263
0.087719
0.473684
0.438596
0.526316
0.543860
0.473684
0.456140
0.192982
0.105263
0.122807
0.157895
0.122807
0.192982
0.473684
0.210526
0.508772
0.210526
0.438596
0.228070
0.631579
0.228070
0.456140
0.192982
