0.526316
0.052632
0.122807
0.087719
0.035088
0.035088
0.000000
0.421053
0.017544
0.052632
0.035088
0.210526
0.456140
0.017544
0.052632
0.035088
0.017544
0.017544
0.017544
0.017544
0.052632
0.035088
0.052632
0.000000
0.052632
0.052632
0.035088
0.000000
0.035088
0.017544
0.052632
0.087719
0.052632
0.035088
0.140351
0.035088
0.035088
0.000000
0.087719
0.017544
0.017544
0.017544
0.052632
0.035088
0.035088
0.017544
0.105263
0.070175
0.017544
0.017544
0.017544
0.052632
0.035088
0.017544
0.245614
0.035088
0.052632
0.035088
0.035088
0.052632
0.000000
0.070175
0.052632
0.052632
0.052632
0.192982
0.035088
0.035088
0.035088
0.070175
0.052632
0.052632
0.052632
0.035088
0.070175
0.052632
0.421053
0.017544
0.052632
0.017544
0.052632
0.052632
0.052632
0.122807
0.035088
0.017544
0.052632
0.491228
0.052632
0.035088
0.070175
0.035088
0.035088
0.052632
0.035088
0.052632
0.035088
0.035088
0.157895
0.052632
0.017544
0.052632
0.035088
0.105263
0.035088
0.070175
0.017544
0.052632
0.035088
0.315789
0.052632
0.035088
0.017544
0.035088
0.052632
0.070175
0.070175
0.017544
0.052632
0.052632
0.245614
0.035088
0.070175
0.052632
0.087719
0.052632
0.052632
0.070175
0.017544
0.087719
0.035088
0.210526
0.035088
0.070175
0.035088
0.052632
0.035088
0.052632
0.035088
0.035088
0.070175
0.052632
0.263158
0.175439
0.017544
0.017544
0.017544
0.052632
0.070175
0.052632
0.070175
0.105263
0.000000
0.070175
0.052632
0.052632
0.087719
0.052632
0.035088
0.035088
0.070175
0.070175
0.035088
0.052632
0.035088
0.070175
0.017544
0.035088
0.035088
0.052632
0.228070
0.052632
0.035088
0.122807
0.017544
0.017544
0.035088
0.000000
0.070175
0.105263
0.052632
0.315789
0.017544
0.087719
0.052632
0.017544
0.017544
0.017544
0.035088
0.070175
0.035088
0.017544
0.385965
0.017544
0.035088
0.035088
0.017544
0.017544
0.087719
0.017544
0.087719
0.035088
0.105263
0.491228
0.035088
0.035088
0.035088
0.052632
0.017544
0.000000
0.035088
0.070175
0.052632
0.017544
0.298246
0.000000
0.035088
0.017544
0.017544
0.000000
0.105263
0.052632
0.035088
0.017544
0.070175
0.035088
0.070175
0.017544
0.000000
0.017544
0.035088
0.035088
0.052632
0.000000
0.035088
0.052632
0.070175
0.035088
0.052632
0.070175
0.000000
0.052632
0.491228
0.017544
0.052632
0.035088
0.017544
0.052632
0.000000
0.035088
0.017544
0.017544
0.017544
0.456140
0.035088
0.035088
0.105263
0.017544
0.035088
0.035088
0.052632
0.350877
0.035088
0.070175
0.052632
0.052632
0.070175
0.105263
0.105263
0.052632
0.052632
0.105263
0.000000
0.087719
0.087719
0.175439
0.052632
0.000000
0.017544
0.087719
0.052632
0.052632
0.017544
0.035088
0.035088
0.017544
0.192982
0.052632
0.017544
0.017544
0.035088
0.070175
0.052632
0.070175
0.035088
0.017544
0.000000
0.280702
0.035088
0.000000
