0.525773
0.092784
0.020619
0.092784
0.041237
0.072165
0.412371
0.082474
0.752577
0.072165
0.041237
0.082474
0.113402
0.103093
0.061856
0.041237
0.061856
0.041237
0.030928
0.092784
0.041237
0.268041
0.051546
0.072165
0.072165
0.092784
0.030928
0.051546
0.123711
0.072165
0.082474
0.484536
0.061856
0.154639
0.051546
0.123711
0.061856
0.082474
0.103093
0.072165
0.061856
0.103093
0.072165
0.061856
0.154639
0.082474
0.051546
0.082474
0.113402
0.041237
0.041237
0.134021
0.082474
0.082474
0.082474
0.082474
0.082474
0.051546
0.092784
0.041237
0.103093
0.525773
0.092784
0.113402
0.082474
0.051546
0.092784
0.041237
0.092784
0.041237
0.082474
0.082474
0.051546
0.041237
0.041237
0.051546
0.051546
0.257732
0.020619
0.051546
0.092784
0.144330
0.041237
0.134021
0.051546
0.020619
0.123711
0.061856
0.082474
0.041237
0.072165
0.041237
0.072165
0.041237
0.082474
0.030928
0.061856
0.061856
0.061856
0.072165
0.030928
0.051546
0.123711
0.051546
0.195876
0.092784
0.103093
0.474227
0.051546
0.051546
0.061856
0.103093
0.072165
0.041237
0.556701
0.051546
0.051546
0.474227
0.072165
0.103093
0.030928
0.072165
0.051546
0.072165
0.298969
0.061856
0.020619
0.474227
0.092784
0.092784
0.051546
0.051546
0.113402
0.051546
0.195876
0.082474
0.051546
0.041237
0.061856
0.051546
0.072165
0.123711
0.072165
0.092784
0.432990
0.082474
0.113402
0.092784
0.041237
0.113402
0.020619
0.092784
0.051546
0.072165
0.206186
0.041237
0.072165
0.082474
0.061856
0.072165
0.072165
0.030928
0.051546
0.072165
0.525773
0.051546
0.030928
0.082474
0.123711
0.061856
0.092784
0.103093
0.092784
0.061856
0.134021
0.092784
0.061856
0.082474
0.051546
0.051546
0.474227
0.092784
0.082474
0.051546
0.103093
0.092784
0.051546
0.041237
0.103093
0.061856
0.092784
0.030928
0.051546
0.092784
0.072165
0.092784
0.061856
0.051546
0.144330
0.092784
0.030928
0.051546
0.113402
0.123711
0.000000
0.092784
0.113402
0.061856
0.092784
0.103093
0.072165
0.072165
0.041237
0.072165
0.082474
0.092784
0.113402
0.474227
0.051546
0.134021
0.525773
0.092784
0.061856
0.041237
0.061856
0.041237
0.030928
0.474227
0.134021
0.030928
0.247423
0.041237
0.061856
0.030928
0.061856
0.154639
0.051546
0.587629
0.092784
0.061856
0.041237
0.164948
0.113402
0.072165
0.092784
0.144330
0.103093
0.463918
0.144330
0.020619
0.061856
0.030928
0.030928
0.051546
0.041237
0.061856
0.041237
0.072165
0.072165
0.051546
0.072165
0.030928
0.020619
0.082474
0.082474
0.051546
0.103093
0.082474
0.061856
0.154639
0.072165
0.082474
0.072165
0.051546
0.061856
0.154639
0.041237
0.453608
0.030928
0.072165
0.030928
0.041237
0.020619
0.123711
0.134021
0.041237
0.041237
0.185567
0.123711
0.082474
0.020619
0.103093
0.072165
0.360825
0.051546
0.072165
0.082474
0.278351
0.061856
0.020619
