0.175258
0.195876
0.144330
0.206186
0.226804
0.185567
0.123711
0.164948
0.164948
0.134021
0.134021
0.144330
0.123711
0.113402
0.206186
0.206186
0.113402
0.226804
0.154639
0.144330
0.185567
0.103093
0.185567
0.123711
0.144330
0.144330
0.195876
0.144330
0.164948
0.092784
0.082474
0.134021
0.144330
0.134021
0.206186
0.226804
0.123711
0.175258
0.144330
0.154639
0.164948
0.113402
0.175258
0.092784
0.113402
0.154639
0.113402
0.175258
0.268041
0.123711
0.164948
0.103093
0.082474
0.134021
0.123711
0.113402
0.175258
0.134021
0.123711
0.154639
0.103093
0.206186
0.134021
0.206186
0.185567
0.144330
0.092784
0.144330
0.113402
0.123711
0.113402
0.113402
0.247423
0.164948
0.175258
0.195876
0.113402
0.144330
0.144330
0.144330
0.134021
0.185567
0.144330
0.206186
0.185567
0.195876
0.092784
0.134021
0.082474
0.134021
0.185567
0.175258
0.144330
0.195876
0.195876
0.175258
0.175258
0.154639
0.154639
0.154639
0.134021
0.195876
0.175258
0.082474
0.206186
0.185567
0.144330
0.123711
0.195876
0.123711
0.195876
0.206186
0.103093
0.216495
0.113402
0.154639
0.185567
0.154639
0.195876
0.185567
0.103093
0.154639
0.154639
0.134021
0.134021
0.175258
0.226804
0.164948
0.195876
0.123711
0.103093
0.103093
0.216495
0.206186
0.164948
0.154639
0.144330
0.134021
0.164948
0.216495
0.123711
0.195876
0.113402
0.206186
0.123711
0.082474
0.134021
0.072165
0.175258
0.164948
0.206186
0.144330
0.123711
0.195876
0.123711
0.164948
0.144330
0.123711
0.216495
0.175258
0.113402
0.237113
0.123711
0.103093
0.206186
0.164948
0.123711
0.134021
0.226804
0.195876
0.144330
0.216495
0.082474
0.247423
0.216495
0.206186
0.154639
0.175258
0.134021
0.154639
0.206186
0.134021
0.185567
0.113402
0.164948
0.206186
0.134021
0.113402
0.195876
0.134021
0.103093
0.164948
0.195876
0.113402
0.134021
0.237113
0.185567
0.185567
0.257732
0.237113
0.082474
0.206186
0.216495
0.103093
0.113402
0.113402
0.144330
0.144330
0.164948
0.164948
0.164948
0.134021
0.175258
0.123711
0.092784
0.154639
0.123711
0.144330
0.154639
0.113402
0.185567
0.185567
0.154639
0.134021
0.144330
0.237113
0.154639
0.195876
0.164948
0.185567
0.247423
0.195876
0.144330
0.123711
0.164948
0.154639
0.154639
0.175258
0.154639
0.144330
0.195876
0.257732
0.164948
0.164948
0.134021
0.134021
0.216495
0.113402
0.134021
0.195876
0.144330
0.082474
0.185567
0.164948
0.206186
0.185567
0.195876
0.134021
0.134021
0.164948
0.123711
0.134021
0.144330
0.134021
0.123711
0.185567
0.113402
0.092784
0.134021
0.123711
0.195876
0.123711
0.103093
0.123711
0.164948
0.113402
0.216495
0.113402
0.154639
0.154639
0.164948
0.113402
0.164948
0.216495
0.113402
0.144330
0.164948
0.144330
0.175258
0.113402
0.247423
0.216495
0.134021
0.144330
0.154639
0.123711
0.216495
0.175258
0.237113
0.206186
