0.324786
0.136752
0.196581
0.102564
0.153846
0.153846
0.205128
0.179487
0.145299
0.222222
0.136752
0.136752
0.153846
0.179487
0.170940
0.170940
0.188034
0.153846
0.188034
0.119658
0.222222
0.153846
0.145299
0.162393
0.256410
0.273504
0.222222
0.170940
0.213675
0.256410
0.145299
0.145299
0.162393
0.196581
0.145299
0.213675
0.230769
0.170940
0.196581
0.282051
0.188034
0.188034
0.111111
0.170940
0.162393
0.170940
0.213675
0.196581
0.213675
0.128205
0.162393
0.162393
0.170940
0.170940
0.205128
0.188034
0.162393
0.213675
0.170940
0.153846
0.179487
0.188034
0.179487
0.179487
0.239316
0.119658
0.162393
0.153846
0.136752
0.205128
0.170940
0.170940
0.162393
0.188034
0.179487
0.162393
0.153846
0.145299
0.205128
0.205128
0.247863
0.111111
0.153846
0.179487
0.196581
0.179487
0.213675
0.153846
0.145299
0.153846
0.170940
0.188034
0.188034
0.136752
0.145299
0.205128
0.145299
0.128205
0.188034
0.222222
0.111111
0.153846
0.247863
0.179487
0.145299
0.282051
0.213675
0.162393
0.205128
0.111111
0.230769
0.188034
0.247863
0.222222
0.145299
0.205128
0.213675
0.222222
0.213675
0.196581
0.196581
0.213675
0.188034
0.170940
0.222222
0.230769
0.188034
0.162393
0.162393
0.128205
0.230769
0.205128
0.145299
0.205128
0.213675
0.188034
0.153846
0.196581
0.222222
0.076923
0.179487
0.205128
0.128205
0.162393
0.205128
0.111111
0.170940
0.136752
0.119658
0.239316
0.128205
0.239316
0.128205
0.205128
0.188034
0.136752
0.076923
0.111111
0.205128
0.247863
0.128205
0.256410
0.162393
0.196581
0.153846
0.188034
0.145299
0.128205
0.213675
0.222222
0.153846
0.213675
0.153846
0.205128
0.213675
0.213675
0.170940
0.196581
0.196581
0.170940
0.179487
0.145299
0.239316
0.196581
0.162393
0.145299
0.196581
0.170940
0.188034
0.162393
0.136752
0.205128
0.188034
0.230769
0.170940
0.188034
0.162393
0.119658
0.196581
0.170940
0.153846
0.145299
0.205128
0.162393
0.136752
0.188034
0.119658
0.153846
0.196581
0.256410
0.128205
0.282051
0.188034
0.222222
0.170940
0.179487
0.153846
0.145299
0.205128
0.179487
0.170940
0.094017
0.128205
0.136752
0.136752
0.170940
0.102564
0.239316
0.239316
0.128205
0.136752
0.230769
0.162393
0.068376
0.222222
0.170940
0.136752
0.170940
0.196581
0.222222
0.170940
0.136752
0.205128
0.153846
0.222222
0.188034
0.230769
0.111111
0.145299
0.162393
0.170940
0.256410
0.196581
0.170940
0.170940
0.162393
0.162393
0.153846
0.196581
0.188034
0.239316
0.145299
0.179487
0.247863
0.153846
0.170940
0.230769
0.162393
0.188034
0.179487
0.153846
0.170940
0.188034
0.213675
0.145299
0.153846
0.162393
0.162393
0.162393
0.239316
0.222222
0.179487
0.145299
0.170940
0.205128
0.136752
0.170940
0.247863
0.179487
0.136752
0.205128
0.136752
0.256410
0.136752
0.196581
0.153846
0.136752
0.213675
0.170940
0.136752
