0.179487
0.162393
0.119658
0.170940
0.145299
0.179487
0.196581
0.111111
0.188034
0.128205
0.196581
0.128205
0.145299
0.145299
0.111111
0.136752
0.230769
0.111111
0.145299
0.102564
0.179487
0.128205
0.188034
0.170940
0.196581
0.230769
0.128205
0.170940
0.136752
0.153846
0.094017
0.179487
0.085470
0.111111
0.094017
0.153846
0.085470
0.213675
0.145299
0.153846
0.316239
0.196581
0.153846
0.170940
0.136752
0.119658
0.170940
0.222222
0.162393
0.153846
0.145299
0.247863
0.153846
0.196581
0.128205
0.145299
0.119658
0.256410
0.179487
0.153846
0.170940
0.128205
0.119658
0.102564
0.256410
0.136752
0.205128
0.162393
0.162393
0.128205
0.162393
0.188034
0.162393
0.239316
0.136752
0.111111
0.264957
0.239316
0.196581
0.111111
0.128205
0.128205
0.085470
0.170940
0.179487
0.179487
0.170940
0.179487
0.153846
0.153846
0.170940
0.205128
0.153846
0.145299
0.136752
0.102564
0.136752
0.179487
0.119658
0.222222
0.162393
0.205128
0.136752
0.128205
0.222222
0.111111
0.085470
0.145299
0.213675
0.145299
0.162393
0.119658
0.145299
0.196581
0.179487
0.196581
0.222222
0.188034
0.162393
0.162393
0.102564
0.179487
0.273504
0.119658
0.145299
0.230769
0.145299
0.196581
0.170940
0.153846
0.136752
0.136752
0.188034
0.196581
0.196581
0.145299
0.111111
0.196581
0.188034
0.136752
0.179487
0.128205
0.102564
0.153846
0.162393
0.239316
0.119658
0.213675
0.179487
0.153846
0.111111
0.145299
0.111111
0.247863
0.162393
0.170940
0.128205
0.136752
0.136752
0.153846
0.119658
0.119658
0.145299
0.213675
0.153846
0.196581
0.085470
0.136752
0.119658
0.145299
0.153846
0.196581
0.188034
0.085470
0.179487
0.162393
0.076923
0.128205
0.170940
0.153846
0.128205
0.145299
0.170940
0.196581
0.230769
0.222222
0.102564
0.153846
0.170940
0.162393
0.153846
0.119658
0.119658
0.111111
0.179487
0.119658
0.213675
0.136752
0.230769
0.188034
0.128205
0.196581
0.145299
0.162393
0.170940
0.085470
0.145299
0.170940
0.102564
0.128205
0.188034
0.179487
0.153846
0.136752
0.145299
0.128205
0.153846
0.145299
0.119658
0.119658
0.162393
0.145299
0.179487
0.188034
0.128205
0.094017
0.153846
0.102564
0.170940
0.205128
0.102564
0.076923
0.094017
0.136752
0.153846
0.247863
0.145299
0.162393
0.145299
0.145299
0.188034
0.196581
0.136752
0.239316
0.239316
0.247863
0.162393
0.111111
0.111111
0.153846
0.179487
0.170940
0.136752
0.153846
0.119658
0.188034
0.153846
0.239316
0.119658
0.188034
0.145299
0.136752
0.162393
0.136752
0.119658
0.239316
0.128205
0.136752
0.145299
0.188034
0.179487
0.145299
0.170940
0.094017
0.162393
0.153846
0.128205
0.153846
0.119658
0.179487
0.153846
0.290598
0.128205
0.205128
0.153846
0.162393
0.162393
0.111111
0.179487
0.153846
0.170940
0.128205
0.256410
0.076923
0.153846
0.170940
0.162393
0.111111
0.059829
0.188034
