0.282051
0.179487
0.188034
0.119658
0.145299
0.128205
0.239316
0.205128
0.145299
0.196581
0.128205
0.136752
0.162393
0.205128
0.188034
0.188034
0.153846
0.162393
0.153846
0.119658
0.230769
0.188034
0.153846
0.196581
0.256410
0.299145
0.213675
0.196581
0.196581
0.230769
0.162393
0.170940
0.188034
0.196581
0.136752
0.205128
0.213675
0.222222
0.222222
0.290598
0.196581
0.239316
0.136752
0.213675
0.162393
0.170940
0.213675
0.213675
0.239316
0.145299
0.196581
0.162393
0.179487
0.188034
0.188034
0.196581
0.179487
0.239316
0.170940
0.170940
0.188034
0.196581
0.222222
0.145299
0.264957
0.153846
0.170940
0.170940
0.128205
0.162393
0.205128
0.213675
0.162393
0.205128
0.145299
0.170940
0.162393
0.205128
0.196581
0.179487
0.290598
0.128205
0.136752
0.162393
0.205128
0.205128
0.188034
0.145299
0.179487
0.136752
0.136752
0.196581
0.136752
0.136752
0.153846
0.170940
0.162393
0.136752
0.196581
0.222222
0.136752
0.145299
0.239316
0.179487
0.145299
0.282051
0.230769
0.179487
0.222222
0.094017
0.239316
0.179487
0.264957
0.196581
0.222222
0.230769
0.213675
0.205128
0.222222
0.196581
0.170940
0.213675
0.170940
0.179487
0.222222
0.239316
0.153846
0.136752
0.136752
0.128205
0.247863
0.239316
0.170940
0.213675
0.188034
0.205128
0.119658
0.196581
0.239316
0.102564
0.188034
0.188034
0.136752
0.179487
0.188034
0.128205
0.162393
0.188034
0.188034
0.256410
0.136752
0.230769
0.145299
0.239316
0.196581
0.170940
0.085470
0.128205
0.196581
0.273504
0.145299
0.264957
0.179487
0.213675
0.188034
0.205128
0.153846
0.162393
0.213675
0.239316
0.128205
0.196581
0.170940
0.196581
0.205128
0.213675
0.170940
0.153846
0.222222
0.188034
0.179487
0.153846
0.205128
0.196581
0.153846
0.128205
0.256410
0.188034
0.188034
0.136752
0.205128
0.170940
0.188034
0.247863
0.188034
0.205128
0.179487
0.153846
0.188034
0.162393
0.153846
0.136752
0.179487
0.145299
0.128205
0.162393
0.128205
0.179487
0.213675
0.247863
0.188034
0.316239
0.205128
0.222222
0.162393
0.230769
0.170940
0.145299
0.205128
0.205128
0.145299
0.094017
0.136752
0.119658
0.145299
0.179487
0.119658
0.307692
0.256410
0.111111
0.145299
0.264957
0.162393
0.068376
0.256410
0.153846
0.136752
0.170940
0.196581
0.230769
0.205128
0.188034
0.213675
0.170940
0.196581
0.196581
0.170940
0.136752
0.170940
0.196581
0.136752
0.239316
0.196581
0.230769
0.213675
0.179487
0.222222
0.128205
0.205128
0.162393
0.196581
0.128205
0.179487
0.230769
0.170940
0.188034
0.239316
0.162393
0.179487
0.230769
0.153846
0.162393
0.179487
0.205128
0.102564
0.162393
0.162393
0.170940
0.188034
0.247863
0.188034
0.239316
0.162393
0.205128
0.230769
0.170940
0.188034
0.256410
0.188034
0.111111
0.222222
0.145299
0.264957
0.196581
0.230769
0.153846
0.162393
0.273504
0.188034
0.179487
