0.318182
0.668831
0.766234
0.188312
0.668831
0.201299
0.376623
0.668831
0.175325
0.175325
0.175325
0.155844
0.668831
0.175325
0.155844
0.668831
0.227273
0.331169
0.668831
0.194805
0.272727
0.805195
0.818182
0.331169
0.175325
0.668831
0.331169
0.331169
0.331169
0.331169
0.668831
0.149351
0.331169
0.207792
0.188312
0.194805
0.188312
0.155844
0.668831
0.162338
0.181818
0.376623
0.331169
0.207792
0.668831
0.331169
0.331169
0.331169
0.792208
0.311688
0.668831
0.142857
0.668831
0.168831
0.162338
0.779221
0.357143
0.298701
0.181818
0.175325
0.448052
0.805195
0.668831
0.331169
0.331169
0.331169
0.168831
0.363636
0.331169
0.331169
0.668831
0.181818
0.181818
0.181818
0.668831
0.181818
0.168831
0.168831
0.519481
0.331169
0.201299
0.668831
0.331169
0.188312
0.331169
0.668831
0.331169
0.798701
0.811688
0.409091
0.188312
0.201299
0.175325
0.331169
0.227273
0.155844
0.805195
0.194805
0.149351
0.188312
0.331169
0.668831
0.331169
0.331169
0.142857
0.331169
0.168831
0.331169
0.331169
0.331169
0.331169
0.266234
0.331169
0.168831
0.818182
0.194805
0.733766
0.233766
0.493506
0.844156
0.461039
0.668831
0.331169
0.668831
0.246753
0.331169
0.331169
0.331169
0.331169
0.668831
0.331169
0.129870
0.175325
0.331169
0.331169
0.668831
0.168831
0.331169
0.136364
0.746753
0.668831
0.331169
0.168831
0.194805
0.331169
0.331169
0.668831
0.181818
0.149351
0.188312
0.681818
0.493506
0.214286
0.331169
0.168831
0.837662
0.240260
0.331169
0.331169
0.194805
0.818182
0.181818
0.772727
0.201299
0.668831
0.331169
0.207792
0.844156
0.668831
0.759740
0.331169
0.331169
0.331169
0.142857
0.188312
0.246753
0.181818
0.668831
0.331169
0.331169
0.207792
0.233766
0.331169
0.331169
0.759740
0.331169
0.668831
0.740260
0.285714
0.331169
0.668831
0.422078
0.720779
0.720779
0.175325
0.181818
0.175325
0.331169
0.142857
0.331169
0.649351
0.201299
0.668831
0.331169
0.668831
0.331169
0.175325
0.331169
0.331169
0.727273
0.766234
0.454545
0.344156
0.331169
0.168831
0.214286
0.155844
0.194805
0.279221
0.175325
0.811688
0.181818
0.493506
0.493506
0.746753
0.155844
0.331169
0.331169
0.331169
0.331169
0.331169
0.181818
0.155844
0.493506
0.201299
0.668831
0.149351
0.331169
0.207792
0.194805
0.168831
0.824675
0.188312
0.668831
0.233766
0.181818
0.331169
0.149351
0.188312
0.201299
0.668831
0.487013
0.201299
0.201299
0.331169
0.162338
0.162338
0.272727
0.733766
0.331169
0.668831
0.142857
0.194805
0.331169
0.155844
0.272727
0.331169
0.324675
0.331169
0.175325
0.331169
0.331169
0.331169
0.331169
0.331169
0.318182
0.201299
0.305195
0.266234
0.331169
0.428571
0.493506
0.331169
0.811688
0.779221
0.818182
0.168831
0.149351
0.694805
0.194805
0.493506
0.818182
0.168831
0.331169
0.331169
0.597403
0.792208
0.162338
0.331169
0.331169
