0.238806
0.134328
0.261194
0.261194
0.238806
0.231343
0.171642
0.328358
0.238806
0.246269
0.194030
0.216418
0.164179
0.201493
0.223881
0.149254
0.253731
0.216418
0.164179
0.231343
0.238806
0.194030
0.223881
0.201493
0.171642
0.231343
0.246269
0.261194
0.216418
0.201493
0.186567
0.201493
0.238806
0.194030
0.208955
0.246269
0.283582
0.253731
0.223881
0.261194
0.298507
0.268657
0.231343
0.231343
0.268657
0.223881
0.201493
0.216418
0.268657
0.201493
0.216418
0.171642
0.194030
0.238806
0.216418
0.238806
0.171642
0.283582
0.246269
0.231343
0.238806
0.208955
0.216418
0.350746
0.179104
0.223881
0.216418
0.231343
0.194030
0.149254
0.216418
0.268657
0.223881
0.246269
0.186567
0.179104
0.223881
0.216418
0.186567
0.186567
0.186567
0.283582
0.223881
0.283582
0.246269
0.238806
0.223881
0.216418
0.246269
0.186567
0.253731
0.223881
0.223881
0.171642
0.186567
0.253731
0.253731
0.179104
0.238806
0.223881
0.156716
0.238806
0.261194
0.208955
0.231343
0.268657
0.171642
0.208955
0.253731
0.253731
0.179104
0.223881
0.201493
0.276119
0.164179
0.186567
0.186567
0.231343
0.253731
0.194030
0.261194
0.216418
0.201493
0.216418
0.194030
0.216418
0.186567
0.201493
0.208955
0.171642
0.238806
0.216418
0.216418
0.231343
0.276119
0.231343
0.253731
0.194030
0.201493
0.231343
0.186567
0.223881
0.208955
0.261194
0.253731
0.194030
0.208955
0.201493
0.186567
0.186567
0.186567
0.216418
0.223881
0.283582
0.291045
0.223881
0.216418
0.164179
0.261194
0.216418
0.194030
0.283582
0.223881
0.194030
0.134328
0.238806
0.201493
0.238806
0.238806
0.246269
0.194030
0.246269
0.208955
0.201493
0.216418
0.223881
0.238806
0.164179
0.276119
0.216418
0.179104
0.268657
0.298507
0.253731
0.186567
0.223881
0.194030
0.238806
0.208955
0.246269
0.208955
0.171642
0.231343
0.179104
0.231343
0.164179
0.201493
0.231343
0.238806
0.201493
0.186567
0.208955
0.208955
0.268657
0.231343
0.171642
0.223881
0.208955
0.201493
0.216418
0.246269
0.186567
0.171642
0.216418
0.223881
0.298507
0.238806
0.186567
0.298507
0.186567
0.238806
0.238806
0.141791
0.291045
0.208955
0.194030
0.164179
0.179104
0.208955
0.208955
0.223881
0.194030
0.328358
0.216418
0.223881
0.194030
0.171642
0.208955
0.208955
0.276119
0.216418
0.268657
0.246269
0.253731
0.201493
0.328358
0.164179
0.276119
0.201493
0.223881
0.223881
0.208955
0.194030
0.223881
0.201493
0.231343
0.298507
0.186567
0.216418
0.171642
0.223881
0.246269
0.231343
0.171642
0.313433
0.231343
0.246269
0.231343
0.171642
0.216418
0.194030
0.201493
0.194030
0.291045
0.201493
0.223881
0.231343
0.223881
0.186567
0.201493
0.194030
0.179104
0.231343
0.208955
0.231343
0.201493
0.283582
0.268657
0.246269
0.208955
0.268657
0.231343
0.216418
0.216418
0.216418
0.223881
0.201493
0.298507
0.223881
0.141791
