0.207792
0.188312
0.201299
0.175325
0.162338
0.201299
0.175325
0.142857
0.188312
0.168831
0.168831
0.168831
0.188312
0.162338
0.168831
0.155844
0.201299
0.168831
0.155844
0.246753
0.175325
0.155844
0.214286
0.194805
0.175325
0.214286
0.201299
0.188312
0.233766
0.155844
0.175325
0.162338
0.201299
0.168831
0.201299
0.194805
0.136364
0.188312
0.162338
0.253247
0.162338
0.188312
0.162338
0.181818
0.142857
0.188312
0.207792
0.181818
0.168831
0.149351
0.194805
0.201299
0.194805
0.175325
0.149351
0.207792
0.188312
0.207792
0.181818
0.188312
0.188312
0.175325
0.214286
0.136364
0.188312
0.155844
0.149351
0.168831
0.181818
0.207792
0.162338
0.181818
0.181818
0.194805
0.181818
0.188312
0.181818
0.175325
0.220779
0.149351
0.233766
0.181818
0.227273
0.227273
0.175325
0.155844
0.149351
0.175325
0.162338
0.181818
0.188312
0.227273
0.188312
0.181818
0.162338
0.175325
0.175325
0.201299
0.142857
0.201299
0.155844
0.181818
0.142857
0.168831
0.129870
0.155844
0.149351
0.201299
0.207792
0.168831
0.188312
0.162338
0.207792
0.188312
0.181818
0.214286
0.201299
0.168831
0.188312
0.188312
0.207792
0.181818
0.201299
0.201299
0.188312
0.201299
0.194805
0.168831
0.142857
0.168831
0.298701
0.162338
0.168831
0.142857
0.142857
0.175325
0.194805
0.168831
0.207792
0.142857
0.168831
0.168831
0.227273
0.207792
0.175325
0.168831
0.220779
0.168831
0.168831
0.162338
0.240260
0.214286
0.175325
0.149351
0.168831
0.110390
0.201299
0.227273
0.188312
0.168831
0.129870
0.181818
0.155844
0.220779
0.162338
0.181818
0.214286
0.149351
0.168831
0.162338
0.168831
0.201299
0.162338
0.149351
0.168831
0.142857
0.194805
0.207792
0.194805
0.220779
0.188312
0.149351
0.181818
0.142857
0.162338
0.123377
0.155844
0.149351
0.188312
0.201299
0.181818
0.201299
0.142857
0.168831
0.207792
0.175325
0.188312
0.142857
0.201299
0.155844
0.168831
0.214286
0.194805
0.123377
0.188312
0.188312
0.181818
0.123377
0.175325
0.188312
0.129870
0.188312
0.207792
0.155844
0.194805
0.214286
0.201299
0.162338
0.155844
0.142857
0.142857
0.175325
0.194805
0.136364
0.155844
0.181818
0.175325
0.181818
0.194805
0.142857
0.142857
0.155844
0.142857
0.207792
0.142857
0.136364
0.162338
0.259740
0.181818
0.155844
0.162338
0.142857
0.181818
0.168831
0.220779
0.149351
0.181818
0.201299
0.233766
0.266234
0.162338
0.168831
0.162338
0.220779
0.162338
0.181818
0.168831
0.201299
0.168831
0.188312
0.181818
0.155844
0.168831
0.181818
0.175325
0.149351
0.220779
0.181818
0.175325
0.123377
0.214286
0.188312
0.181818
0.142857
0.181818
0.123377
0.188312
0.207792
0.259740
0.214286
0.201299
0.207792
0.181818
0.201299
0.194805
0.214286
0.168831
0.155844
0.207792
0.162338
0.181818
0.142857
0.181818
0.194805
0.194805
0.214286
0.194805
0.168831
0.155844
0.181818
