0.164179
0.171642
0.194030
0.149254
0.179104
0.171642
0.179104
0.141791
0.186567
0.186567
0.164179
0.223881
0.164179
0.216418
0.179104
0.194030
0.171642
0.201493
0.134328
0.186567
0.171642
0.149254
0.186567
0.134328
0.194030
0.164179
0.238806
0.223881
0.179104
0.134328
0.186567
0.164179
0.171642
0.171642
0.156716
0.171642
0.149254
0.186567
0.156716
0.186567
0.201493
0.141791
0.149254
0.179104
0.156716
0.186567
0.186567
0.231343
0.194030
0.156716
0.208955
0.201493
0.149254
0.141791
0.186567
0.216418
0.194030
0.141791
0.186567
0.201493
0.179104
0.156716
0.164179
0.201493
0.156716
0.171642
0.201493
0.164179
0.179104
0.179104
0.156716
0.186567
0.164179
0.149254
0.186567
0.216418
0.171642
0.201493
0.171642
0.179104
0.156716
0.201493
0.156716
0.208955
0.179104
0.186567
0.179104
0.164179
0.134328
0.201493
0.164179
0.179104
0.179104
0.201493
0.194030
0.141791
0.223881
0.201493
0.149254
0.186567
0.179104
0.156716
0.164179
0.208955
0.208955
0.119403
0.194030
0.179104
0.223881
0.149254
0.179104
0.171642
0.268657
0.186567
0.208955
0.186567
0.171642
0.179104
0.194030
0.223881
0.194030
0.179104
0.149254
0.111940
0.164179
0.156716
0.186567
0.208955
0.194030
0.194030
0.208955
0.164179
0.208955
0.141791
0.179104
0.164179
0.253731
0.171642
0.186567
0.194030
0.179104
0.171642
0.126866
0.186567
0.141791
0.179104
0.134328
0.141791
0.208955
0.164179
0.179104
0.164179
0.179104
0.126866
0.171642
0.194030
0.186567
0.186567
0.223881
0.194030
0.194030
0.201493
0.186567
0.164179
0.186567
0.171642
0.126866
0.149254
0.141791
0.149254
0.141791
0.149254
0.179104
0.149254
0.164179
0.179104
0.194030
0.164179
0.164179
0.201493
0.171642
0.149254
0.186567
0.216418
0.223881
0.149254
0.171642
0.104478
0.186567
0.156716
0.141791
0.156716
0.186567
0.201493
0.201493
0.171642
0.194030
0.194030
0.194030
0.171642
0.179104
0.171642
0.149254
0.194030
0.126866
0.179104
0.291045
0.149254
0.186567
0.149254
0.223881
0.134328
0.171642
0.179104
0.194030
0.179104
0.141791
0.194030
0.141791
0.186567
0.194030
0.194030
0.171642
0.171642
0.186567
0.201493
0.194030
0.171642
0.216418
0.186567
0.171642
0.171642
0.186567
0.156716
0.179104
0.156716
0.208955
0.141791
0.156716
0.141791
0.156716
0.186567
0.164179
0.194030
0.208955
0.134328
0.186567
0.164179
0.171642
0.179104
0.179104
0.179104
0.194030
0.186567
0.126866
0.164179
0.201493
0.171642
0.179104
0.186567
0.171642
0.186567
0.201493
0.164179
0.179104
0.156716
0.171642
0.201493
0.156716
0.164179
0.179104
0.156716
0.194030
0.186567
0.149254
0.134328
0.194030
0.208955
0.194030
0.171642
0.208955
0.179104
0.171642
0.186567
0.164179
0.171642
0.171642
0.223881
0.171642
0.186567
0.186567
0.186567
0.134328
0.156716
0.149254
0.179104
0.186567
0.179104
0.156716
0.171642
