0.212644
0.189655
0.183908
0.160920
0.206897
0.212644
0.166667
0.212644
0.235632
0.183908
0.172414
0.155172
0.212644
0.201149
0.218391
0.195402
0.126437
0.160920
0.178161
0.132184
0.166667
0.218391
0.212644
0.183908
0.195402
0.206897
0.166667
0.247126
0.195402
0.132184
0.166667
0.241379
0.235632
0.201149
0.166667
0.201149
0.212644
0.143678
0.224138
0.183908
0.155172
0.189655
0.212644
0.166667
0.149425
0.189655
0.201149
0.178161
0.241379
0.201149
0.149425
0.160920
0.172414
0.155172
0.206897
0.206897
0.195402
0.189655
0.195402
0.195402
0.189655
0.172414
0.201149
0.241379
0.212644
0.166667
0.224138
0.206897
0.218391
0.155172
0.224138
0.189655
0.183908
0.224138
0.160920
0.160920
0.160920
0.195402
0.166667
0.137931
0.241379
0.183908
0.218391
0.189655
0.195402
0.195402
0.166667
0.235632
0.195402
0.195402
0.195402
0.166667
0.166667
0.178161
0.178161
0.201149
0.218391
0.172414
0.195402
0.143678
0.206897
0.137931
0.166667
0.201149
0.172414
0.149425
0.183908
0.172414
0.166667
0.137931
0.201149
0.178161
0.189655
0.287356
0.235632
0.224138
0.172414
0.149425
0.172414
0.224138
0.160920
0.201149
0.212644
0.183908
0.160920
0.132184
0.178161
0.172414
0.218391
0.160920
0.218391
0.155172
0.195402
0.270115
0.160920
0.172414
0.224138
0.178161
0.195402
0.212644
0.189655
0.212644
0.201149
0.149425
0.206897
0.172414
0.270115
0.201149
0.195402
0.160920
0.218391
0.183908
0.224138
0.172414
0.137931
0.155172
0.218391
0.224138
0.155172
0.189655
0.183908
0.189655
0.172414
0.201149
0.212644
0.178161
0.166667
0.166667
0.195402
0.155172
0.264368
0.195402
0.229885
0.155172
0.241379
0.206897
0.206897
0.241379
0.183908
0.178161
0.155172
0.195402
0.166667
0.201149
0.149425
0.224138
0.166667
0.224138
0.212644
0.229885
0.183908
0.143678
0.155172
0.206897
0.195402
0.189655
0.218391
0.166667
0.224138
0.287356
0.206897
0.172414
0.195402
0.166667
0.166667
0.160920
0.178161
0.201149
0.160920
0.241379
0.229885
0.178161
0.206897
0.201149
0.172414
0.189655
0.137931
0.155172
0.178161
0.183908
0.172414
0.166667
0.178161
0.195402
0.195402
0.172414
0.160920
0.178161
0.287356
0.149425
0.166667
0.224138
0.172414
0.189655
0.304598
0.224138
0.166667
0.172414
0.206897
0.183908
0.201149
0.172414
0.229885
0.166667
0.195402
0.183908
0.178161
0.155172
0.189655
0.166667
0.160920
0.143678
0.206897
0.206897
0.195402
0.166667
0.143678
0.195402
0.218391
0.149425
0.155172
0.189655
0.160920
0.183908
0.178161
0.172414
0.172414
0.166667
0.183908
0.241379
0.166667
0.172414
0.183908
0.166667
0.212644
0.235632
0.195402
0.206897
0.178161
0.160920
0.195402
0.183908
0.189655
0.166667
0.224138
0.149425
0.160920
0.178161
0.149425
0.195402
0.178161
0.149425
0.195402
0.172414
0.143678
0.166667
0.201149
0.201149
0.183908
0.172414
