0.166667
0.252874
0.183908
0.172414
0.195402
0.235632
0.183908
0.195402
0.166667
0.178161
0.201149
0.195402
0.166667
0.201149
0.183908
0.178161
0.247126
0.201149
0.183908
0.212644
0.281609
0.218391
0.172414
0.201149
0.178161
0.143678
0.178161
0.218391
0.189655
0.195402
0.189655
0.206897
0.149425
0.172414
0.172414
0.160920
0.149425
0.252874
0.218391
0.270115
0.178161
0.224138
0.132184
0.195402
0.172414
0.189655
0.195402
0.178161
0.247126
0.183908
0.172414
0.189655
0.195402
0.212644
0.206897
0.195402
0.275862
0.172414
0.241379
0.235632
0.229885
0.178161
0.160920
0.160920
0.178161
0.189655
0.229885
0.172414
0.172414
0.189655
0.247126
0.155172
0.264368
0.149425
0.183908
0.172414
0.298851
0.178161
0.224138
0.212644
0.183908
0.132184
0.241379
0.172414
0.206897
0.189655
0.201149
0.195402
0.195402
0.229885
0.189655
0.189655
0.241379
0.212644
0.149425
0.155172
0.195402
0.206897
0.201149
0.155172
0.166667
0.206897
0.178161
0.229885
0.189655
0.212644
0.183908
0.149425
0.206897
0.206897
0.224138
0.172414
0.206897
0.143678
0.206897
0.183908
0.155172
0.195402
0.178161
0.189655
0.132184
0.212644
0.293103
0.264368
0.195402
0.195402
0.172414
0.224138
0.149425
0.206897
0.224138
0.183908
0.206897
0.201149
0.189655
0.275862
0.241379
0.149425
0.178161
0.178161
0.183908
0.166667
0.218391
0.201149
0.195402
0.160920
0.206897
0.166667
0.155172
0.189655
0.183908
0.270115
0.183908
0.206897
0.166667
0.149425
0.195402
0.264368
0.212644
0.166667
0.252874
0.212644
0.178161
0.258621
0.166667
0.206897
0.166667
0.183908
0.172414
0.316092
0.172414
0.201149
0.189655
0.229885
0.252874
0.183908
0.183908
0.155172
0.172414
0.189655
0.132184
0.172414
0.166667
0.201149
0.183908
0.252874
0.224138
0.155172
0.206897
0.183908
0.201149
0.137931
0.149425
0.224138
0.212644
0.166667
0.155172
0.201149
0.247126
0.172414
0.189655
0.178161
0.155172
0.201149
0.212644
0.172414
0.189655
0.160920
0.212644
0.201149
0.218391
0.172414
0.206897
0.189655
0.189655
0.166667
0.183908
0.166667
0.166667
0.178161
0.195402
0.155172
0.178161
0.224138
0.178161
0.172414
0.195402
0.201149
0.183908
0.235632
0.189655
0.201149
0.166667
0.270115
0.155172
0.189655
0.166667
0.218391
0.218391
0.178161
0.229885
0.206897
0.195402
0.183908
0.201149
0.195402
0.189655
0.183908
0.137931
0.166667
0.189655
0.206897
0.212644
0.229885
0.149425
0.172414
0.195402
0.201149
0.183908
0.189655
0.183908
0.166667
0.201149
0.206897
0.155172
0.178161
0.206897
0.247126
0.201149
0.166667
0.235632
0.160920
0.160920
0.172414
0.224138
0.183908
0.160920
0.160920
0.120690
0.189655
0.258621
0.189655
0.201149
0.126437
0.172414
0.189655
0.183908
0.195402
0.195402
0.178161
0.166667
0.189655
0.212644
0.218391
0.218391
0.155172
0.172414
0.201149
0.183908
0.201149
