0.201149
0.270115
0.218391
0.189655
0.224138
0.224138
0.247126
0.241379
0.183908
0.224138
0.201149
0.212644
0.206897
0.166667
0.178161
0.258621
0.275862
0.224138
0.201149
0.218391
0.287356
0.224138
0.166667
0.206897
0.229885
0.235632
0.310345
0.229885
0.155172
0.195402
0.195402
0.218391
0.172414
0.206897
0.218391
0.178161
0.224138
0.264368
0.252874
0.270115
0.235632
0.201149
0.224138
0.206897
0.201149
0.172414
0.235632
0.224138
0.281609
0.195402
0.206897
0.252874
0.195402
0.195402
0.241379
0.178161
0.316092
0.195402
0.241379
0.281609
0.206897
0.195402
0.178161
0.172414
0.160920
0.241379
0.281609
0.241379
0.241379
0.270115
0.298851
0.195402
0.310345
0.178161
0.224138
0.195402
0.293103
0.229885
0.218391
0.241379
0.183908
0.195402
0.339080
0.160920
0.206897
0.189655
0.201149
0.235632
0.189655
0.224138
0.218391
0.183908
0.275862
0.247126
0.172414
0.229885
0.241379
0.235632
0.235632
0.224138
0.195402
0.206897
0.183908
0.287356
0.178161
0.275862
0.212644
0.160920
0.258621
0.206897
0.258621
0.252874
0.212644
0.247126
0.224138
0.235632
0.252874
0.218391
0.189655
0.195402
0.160920
0.252874
0.350575
0.258621
0.235632
0.189655
0.160920
0.241379
0.212644
0.247126
0.252874
0.206897
0.241379
0.206897
0.212644
0.287356
0.252874
0.195402
0.178161
0.183908
0.206897
0.195402
0.241379
0.206897
0.206897
0.166667
0.247126
0.189655
0.201149
0.195402
0.258621
0.270115
0.201149
0.183908
0.189655
0.166667
0.195402
0.281609
0.189655
0.218391
0.339080
0.229885
0.160920
0.229885
0.160920
0.218391
0.212644
0.224138
0.206897
0.304598
0.247126
0.235632
0.172414
0.195402
0.281609
0.201149
0.224138
0.235632
0.172414
0.195402
0.160920
0.183908
0.189655
0.201149
0.287356
0.264368
0.229885
0.189655
0.195402
0.201149
0.206897
0.206897
0.172414
0.229885
0.241379
0.218391
0.206897
0.206897
0.390805
0.183908
0.212644
0.206897
0.143678
0.224138
0.218391
0.189655
0.241379
0.218391
0.252874
0.270115
0.258621
0.172414
0.235632
0.195402
0.201149
0.235632
0.172414
0.195402
0.201149
0.172414
0.258621
0.224138
0.160920
0.212644
0.264368
0.258621
0.206897
0.206897
0.195402
0.287356
0.235632
0.235632
0.183908
0.310345
0.212644
0.201149
0.189655
0.258621
0.212644
0.235632
0.235632
0.224138
0.218391
0.201149
0.201149
0.224138
0.183908
0.172414
0.155172
0.183908
0.258621
0.235632
0.229885
0.218391
0.212644
0.178161
0.224138
0.287356
0.235632
0.189655
0.201149
0.189655
0.247126
0.264368
0.178161
0.178161
0.247126
0.287356
0.241379
0.201149
0.206897
0.178161
0.178161
0.201149
0.252874
0.166667
0.247126
0.149425
0.178161
0.218391
0.270115
0.218391
0.229885
0.189655
0.224138
0.206897
0.224138
0.281609
0.189655
0.189655
0.201149
0.201149
0.229885
0.224138
0.241379
0.229885
0.172414
0.218391
0.189655
0.229885
