0.195402
0.252874
0.172414
0.189655
0.218391
0.212644
0.178161
0.229885
0.166667
0.172414
0.201149
0.201149
0.160920
0.201149
0.166667
0.166667
0.229885
0.218391
0.172414
0.212644
0.270115
0.206897
0.183908
0.189655
0.178161
0.172414
0.178161
0.206897
0.178161
0.189655
0.212644
0.166667
0.155172
0.172414
0.189655
0.149425
0.143678
0.229885
0.224138
0.252874
0.178161
0.224138
0.149425
0.189655
0.155172
0.172414
0.183908
0.166667
0.258621
0.195402
0.178161
0.183908
0.189655
0.183908
0.275862
0.218391
0.258621
0.189655
0.241379
0.212644
0.218391
0.160920
0.155172
0.166667
0.166667
0.195402
0.224138
0.224138
0.206897
0.160920
0.264368
0.155172
0.252874
0.155172
0.224138
0.183908
0.270115
0.160920
0.241379
0.264368
0.160920
0.166667
0.275862
0.160920
0.183908
0.178161
0.189655
0.183908
0.201149
0.201149
0.195402
0.172414
0.241379
0.183908
0.155172
0.166667
0.201149
0.195402
0.189655
0.155172
0.178161
0.189655
0.189655
0.218391
0.143678
0.206897
0.160920
0.137931
0.206897
0.183908
0.241379
0.166667
0.235632
0.155172
0.178161
0.201149
0.189655
0.183908
0.195402
0.189655
0.149425
0.183908
0.281609
0.258621
0.201149
0.195402
0.195402
0.229885
0.149425
0.206897
0.183908
0.172414
0.212644
0.224138
0.172414
0.258621
0.235632
0.160920
0.183908
0.218391
0.172414
0.189655
0.224138
0.178161
0.201149
0.183908
0.201149
0.172414
0.160920
0.183908
0.212644
0.275862
0.172414
0.201149
0.166667
0.155172
0.160920
0.275862
0.229885
0.143678
0.218391
0.178161
0.172414
0.241379
0.155172
0.206897
0.172414
0.178161
0.201149
0.298851
0.178161
0.178161
0.178161
0.212644
0.264368
0.183908
0.206897
0.172414
0.172414
0.195402
0.132184
0.212644
0.149425
0.224138
0.224138
0.258621
0.229885
0.166667
0.224138
0.201149
0.201149
0.132184
0.172414
0.224138
0.195402
0.195402
0.201149
0.201149
0.293103
0.201149
0.201149
0.183908
0.149425
0.218391
0.201149
0.178161
0.172414
0.137931
0.235632
0.160920
0.212644
0.166667
0.166667
0.195402
0.218391
0.160920
0.195402
0.172414
0.172414
0.172414
0.235632
0.132184
0.189655
0.206897
0.160920
0.166667
0.189655
0.201149
0.195402
0.252874
0.155172
0.206897
0.166667
0.264368
0.160920
0.201149
0.172414
0.229885
0.241379
0.183908
0.201149
0.195402
0.183908
0.172414
0.195402
0.183908
0.178161
0.183908
0.149425
0.178161
0.206897
0.206897
0.218391
0.224138
0.172414
0.149425
0.206897
0.212644
0.172414
0.183908
0.172414
0.172414
0.183908
0.218391
0.195402
0.155172
0.229885
0.241379
0.206897
0.178161
0.189655
0.183908
0.155172
0.172414
0.241379
0.178161
0.201149
0.166667
0.132184
0.218391
0.229885
0.178161
0.195402
0.132184
0.206897
0.160920
0.166667
0.195402
0.201149
0.178161
0.172414
0.183908
0.206897
0.201149
0.235632
0.155172
0.195402
0.195402
0.178161
0.201149
