0.116883
0.155844
0.175325
0.136364
0.168831
0.162338
0.181818
0.142857
0.162338
0.188312
0.155844
0.175325
0.194805
0.155844
0.175325
0.162338
0.175325
0.123377
0.162338
0.149351
0.116883
0.181818
0.142857
0.168831
0.194805
0.142857
0.129870
0.155844
0.168831
0.149351
0.149351
0.168831
0.175325
0.175325
0.168831
0.188312
0.149351
0.155844
0.188312
0.162338
0.233766
0.168831
0.181818
0.149351
0.168831
0.181818
0.181818
0.129870
0.162338
0.155844
0.149351
0.162338
0.168831
0.168831
0.116883
0.181818
0.155844
0.123377
0.188312
0.149351
0.142857
0.162338
0.116883
0.175325
0.181818
0.168831
0.149351
0.233766
0.149351
0.188312
0.129870
0.155844
0.142857
0.136364
0.155844
0.123377
0.162338
0.181818
0.142857
0.155844
0.168831
0.129870
0.110390
0.181818
0.175325
0.162338
0.110390
0.175325
0.233766
0.168831
0.155844
0.116883
0.136364
0.149351
0.168831
0.162338
0.162338
0.168831
0.162338
0.175325
0.129870
0.175325
0.175325
0.201299
0.168831
0.123377
0.175325
0.149351
0.149351
0.188312
0.155844
0.181818
0.149351
0.142857
0.149351
0.123377
0.181818
0.116883
0.129870
0.149351
0.168831
0.149351
0.175325
0.168831
0.136364
0.214286
0.136364
0.168831
0.155844
0.181818
0.142857
0.155844
0.188312
0.168831
0.188312
0.175325
0.149351
0.188312
0.162338
0.149351
0.136364
0.142857
0.162338
0.149351
0.175325
0.181818
0.136364
0.162338
0.155844
0.155844
0.129870
0.142857
0.136364
0.162338
0.129870
0.194805
0.129870
0.155844
0.181818
0.136364
0.162338
0.149351
0.194805
0.149351
0.168831
0.168831
0.175325
0.188312
0.162338
0.149351
0.149351
0.142857
0.162338
0.155844
0.129870
0.129870
0.155844
0.155844
0.142857
0.116883
0.207792
0.162338
0.155844
0.129870
0.149351
0.194805
0.168831
0.214286
0.181818
0.188312
0.149351
0.136364
0.168831
0.110390
0.168831
0.142857
0.155844
0.181818
0.162338
0.175325
0.136364
0.194805
0.149351
0.149351
0.155844
0.181818
0.162338
0.162338
0.155844
0.168831
0.129870
0.142857
0.168831
0.142857
0.162338
0.136364
0.162338
0.168831
0.168831
0.129870
0.149351
0.168831
0.175325
0.168831
0.175325
0.162338
0.155844
0.181818
0.142857
0.142857
0.136364
0.175325
0.149351
0.168831
0.162338
0.188312
0.181818
0.142857
0.155844
0.181818
0.136364
0.142857
0.149351
0.123377
0.149351
0.168831
0.155844
0.175325
0.194805
0.188312
0.155844
0.168831
0.155844
0.162338
0.149351
0.142857
0.149351
0.149351
0.162338
0.116883
0.155844
0.175325
0.162338
0.155844
0.214286
0.162338
0.168831
0.149351
0.110390
0.149351
0.155844
0.175325
0.168831
0.155844
0.175325
0.194805
0.155844
0.155844
0.149351
0.168831
0.149351
0.181818
0.207792
0.149351
0.142857
0.149351
0.214286
0.162338
0.162338
0.162338
0.162338
0.136364
0.175325
0.142857
0.188312
0.162338
0.181818
0.149351
0.162338
0.149351
