0.185567
0.283505
0.510309
0.664948
0.180412
0.721649
0.247423
0.520619
0.221649
0.231959
0.237113
0.298969
0.190722
0.659794
0.335052
0.525773
0.164948
0.252577
0.288660
0.376289
0.216495
0.582474
0.278351
0.381443
0.396907
0.670103
0.278351
0.335052
0.463918
0.195876
0.608247
0.206186
0.623711
0.335052
0.273196
0.195876
0.170103
0.443299
0.536082
0.335052
0.262887
0.417526
0.262887
0.226804
0.448454
0.335052
0.298969
0.814433
0.268041
0.190722
0.180412
0.206186
0.216495
0.664948
0.453608
0.469072
0.201031
0.278351
0.329897
0.252577
0.216495
0.247423
0.309278
0.226804
0.237113
0.335052
0.180412
0.716495
0.664948
0.201031
0.551546
0.159794
0.180412
0.247423
0.226804
0.190722
0.350515
0.360825
0.551546
0.221649
0.257732
0.154639
0.288660
0.190722
0.288660
0.221649
0.231959
0.201031
0.335052
0.273196
0.597938
0.664948
0.226804
0.479381
0.170103
0.206186
0.221649
0.257732
0.226804
0.654639
0.350515
0.412371
0.747423
0.242268
0.201031
0.206186
0.211340
0.201031
0.175258
0.417526
0.221649
0.664948
0.231959
0.561856
0.231959
0.190722
0.711340
0.288660
0.139175
0.592784
0.242268
0.195876
0.195876
0.283505
0.149485
0.252577
0.195876
0.206186
0.221649
0.190722
0.211340
0.283505
0.164948
0.221649
0.262887
0.242268
0.644330
0.355670
0.211340
0.262887
0.206186
0.164948
0.247423
0.211340
0.221649
0.639175
0.201031
0.262887
0.252577
0.252577
0.237113
0.231959
0.206186
0.206186
0.211340
0.154639
0.438144
0.257732
0.561856
0.298969
0.298969
0.329897
0.226804
0.407216
0.376289
0.211340
0.211340
0.170103
0.216495
0.211340
0.479381
0.190722
0.242268
0.195876
0.190722
0.190722
0.252577
0.221649
0.221649
0.288660
0.335052
0.360825
0.448454
0.237113
0.726804
0.237113
0.226804
0.231959
0.201031
0.195876
0.226804
0.195876
0.257732
0.170103
0.443299
0.144330
0.226804
0.175258
0.180412
0.170103
0.237113
0.195876
0.216495
0.231959
0.262887
0.201031
0.175258
0.273196
0.211340
0.144330
0.190722
0.206186
0.278351
0.268041
0.206186
0.283505
0.206186
0.371134
0.211340
0.371134
0.221649
0.381443
0.283505
0.190722
0.247423
0.221649
0.195876
0.360825
0.175258
0.304124
0.582474
0.226804
0.649485
0.185567
0.231959
0.154639
0.211340
0.216495
0.211340
0.175258
0.180412
0.216495
0.185567
0.237113
0.231959
0.376289
0.164948
0.216495
0.427835
0.329897
0.278351
0.247423
0.170103
0.180412
0.211340
0.180412
0.231959
0.365979
0.273196
0.226804
0.211340
0.221649
0.252577
0.247423
0.257732
0.345361
0.144330
0.144330
0.268041
0.283505
0.195876
0.185567
0.206186
0.773196
0.278351
0.731959
0.273196
0.314433
0.345361
0.257732
0.211340
0.195876
0.304124
0.175258
0.221649
0.159794
0.211340
0.175258
0.185567
0.134021
0.185567
0.190722
0.453608
0.185567
0.175258
0.180412
0.252577
0.164948
0.293814
0.201031
