0.335052
0.335052
0.664948
0.664948
0.139175
0.190722
0.164948
0.154639
0.164948
0.164948
0.335052
0.221649
0.335052
0.335052
0.329897
0.335052
0.494845
0.175258
0.144330
0.159794
0.623711
0.175258
0.582474
0.335052
0.139175
0.335052
0.335052
0.664948
0.788660
0.335052
0.664948
0.195876
0.520619
0.180412
0.190722
0.206186
0.664948
0.664948
0.845361
0.664948
0.159794
0.664948
0.536082
0.489691
0.335052
0.664948
0.335052
0.201031
0.335052
0.180412
0.154639
0.798969
0.149485
0.159794
0.195876
0.159794
0.149485
0.608247
0.164948
0.206186
0.335052
0.443299
0.175258
0.664948
0.747423
0.185567
0.335052
0.664948
0.654639
0.335052
0.659794
0.201031
0.335052
0.525773
0.335052
0.453608
0.231959
0.180412
0.159794
0.195876
0.582474
0.432990
0.180412
0.206186
0.835052
0.474227
0.175258
0.335052
0.335052
0.159794
0.335052
0.159794
0.170103
0.175258
0.139175
0.175258
0.809278
0.139175
0.340206
0.664948
0.365979
0.149485
0.768041
0.335052
0.664948
0.335052
0.159794
0.149485
0.154639
0.788660
0.170103
0.190722
0.170103
0.664948
0.422680
0.335052
0.520619
0.494845
0.154639
0.180412
0.201031
0.664948
0.664948
0.123711
0.206186
0.226804
0.175258
0.149485
0.335052
0.335052
0.335052
0.335052
0.335052
0.664948
0.335052
0.180412
0.577320
0.170103
0.335052
0.134021
0.170103
0.180412
0.840206
0.159794
0.335052
0.164948
0.546392
0.335052
0.335052
0.335052
0.804124
0.180412
0.159794
0.149485
0.175258
0.149485
0.335052
0.170103
0.422680
0.247423
0.804124
0.396907
0.603093
0.335052
0.365979
0.170103
0.335052
0.190722
0.164948
0.335052
0.247423
0.128866
0.195876
0.783505
0.170103
0.216495
0.458763
0.505155
0.500000
0.159794
0.175258
0.128866
0.335052
0.149485
0.664948
0.154639
0.664948
0.618557
0.154639
0.180412
0.432990
0.335052
0.711340
0.154639
0.185567
0.134021
0.195876
0.664948
0.190722
0.201031
0.335052
0.762887
0.335052
0.520619
0.335052
0.335052
0.335052
0.664948
0.164948
0.170103
0.664948
0.180412
0.577320
0.335052
0.664948
0.335052
0.664948
0.345361
0.520619
0.396907
0.335052
0.144330
0.819588
0.154639
0.814433
0.335052
0.335052
0.185567
0.211340
0.845361
0.335052
0.335052
0.489691
0.335052
0.623711
0.664948
0.664948
0.664948
0.149485
0.835052
0.231959
0.149485
0.206186
0.159794
0.206186
0.175258
0.154639
0.335052
0.664948
0.664948
0.335052
0.335052
0.195876
0.190722
0.170103
0.149485
0.505155
0.154639
0.773196
0.170103
0.664948
0.335052
0.211340
0.664948
0.664948
0.335052
0.809278
0.335052
0.664948
0.546392
0.664948
0.170103
0.510309
0.159794
0.170103
0.159794
0.587629
0.664948
0.335052
0.438144
0.335052
0.608247
0.541237
0.154639
0.623711
0.654639
0.180412
0.448454
0.170103
0.170103
0.829897
0.195876
0.149485
0.505155
0.335052
0.664948
0.335052
0.335052
0.154639
0.335052
