0.216418
0.335821
0.335821
0.335821
0.335821
0.335821
0.335821
0.335821
0.514925
0.335821
0.664179
0.335821
0.335821
0.335821
0.664179
0.238806
0.186567
0.335821
0.335821
0.335821
0.335821
0.335821
0.335821
0.664179
0.664179
0.335821
0.335821
0.335821
0.335821
0.335821
0.335821
0.335821
0.335821
0.335821
0.335821
0.335821
0.335821
0.335821
0.335821
0.335821
0.335821
0.335821
0.335821
0.664179
0.335821
0.335821
0.201493
0.335821
0.664179
0.335821
0.335821
0.335821
0.335821
0.335821
0.335821
0.664179
0.335821
0.664179
0.335821
0.335821
0.335821
0.335821
0.813433
0.335821
0.335821
0.335821
0.664179
0.335821
0.664179
0.335821
0.335821
0.335821
0.335821
0.335821
0.335821
0.335821
0.186567
0.186567
0.335821
0.335821
0.664179
0.664179
0.335821
0.335821
0.335821
0.335821
0.335821
0.335821
0.335821
0.335821
0.335821
0.194030
0.664179
0.335821
0.335821
0.335821
0.335821
0.335821
0.335821
0.335821
0.335821
0.664179
0.335821
0.664179
0.335821
0.335821
0.335821
0.664179
0.335821
0.335821
0.335821
0.335821
0.335821
0.335821
0.335821
0.664179
0.335821
0.335821
0.664179
0.335821
0.335821
0.664179
0.134328
0.335821
0.335821
0.335821
0.335821
0.664179
0.335821
0.335821
0.335821
0.335821
0.335821
0.664179
0.335821
0.335821
0.335821
0.335821
0.335821
0.335821
0.335821
0.335821
0.335821
0.335821
0.664179
0.664179
0.507463
0.335821
0.335821
0.335821
0.335821
0.335821
0.156716
0.335821
0.335821
0.335821
0.335821
0.664179
0.335821
0.664179
0.335821
0.664179
0.410448
0.664179
0.664179
0.335821
0.335821
0.664179
0.335821
0.335821
0.335821
0.664179
0.664179
0.335821
0.335821
0.335821
0.335821
0.335821
0.664179
0.335821
0.335821
0.335821
0.664179
0.335821
0.335821
0.335821
0.335821
0.335821
0.335821
0.335821
0.335821
0.664179
0.335821
0.335821
0.664179
0.335821
0.179104
0.664179
0.335821
0.664179
0.664179
0.335821
0.335821
0.335821
0.335821
0.335821
0.335821
0.664179
0.335821
0.335821
0.664179
0.335821
0.335821
0.335821
0.335821
0.335821
0.335821
0.335821
0.335821
0.335821
0.335821
0.335821
0.335821
0.335821
0.664179
0.335821
0.335821
0.335821
0.335821
0.335821
0.335821
0.335821
0.335821
0.335821
0.335821
0.335821
0.335821
0.335821
0.335821
0.335821
0.335821
0.335821
0.335821
0.664179
0.164179
0.335821
0.335821
0.335821
0.664179
0.664179
0.335821
0.604478
0.335821
0.335821
0.664179
0.664179
0.335821
0.335821
0.335821
0.335821
0.335821
0.335821
0.335821
0.335821
0.664179
0.335821
0.335821
0.335821
0.335821
0.335821
0.335821
0.664179
0.335821
0.335821
0.335821
0.335821
0.335821
0.507463
0.335821
0.335821
0.335821
0.664179
0.335821
0.335821
0.335821
0.335821
0.335821
0.335821
0.335821
0.335821
0.664179
0.335821
0.776119
0.335821
0.335821
0.335821
0.335821
0.335821
0.335821
0.335821
