0.207792
0.181818
0.175325
0.155844
0.168831
0.142857
0.181818
0.155844
0.149351
0.188312
0.188312
0.168831
0.149351
0.162338
0.194805
0.188312
0.162338
0.168831
0.188312
0.207792
0.214286
0.168831
0.162338
0.123377
0.136364
0.162338
0.194805
0.162338
0.168831
0.155844
0.194805
0.155844
0.201299
0.181818
0.201299
0.149351
0.188312
0.194805
0.207792
0.168831
0.181818
0.129870
0.162338
0.181818
0.168831
0.162338
0.155844
0.175325
0.175325
0.168831
0.136364
0.181818
0.181818
0.188312
0.162338
0.175325
0.168831
0.162338
0.201299
0.207792
0.129870
0.168831
0.181818
0.136364
0.201299
0.155844
0.162338
0.162338
0.181818
0.155844
0.162338
0.181818
0.168831
0.344156
0.149351
0.181818
0.175325
0.168831
0.181818
0.162338
0.168831
0.181818
0.188312
0.168831
0.324675
0.188312
0.188312
0.155844
0.168831
0.168831
0.188312
0.194805
0.168831
0.188312
0.181818
0.207792
0.201299
0.181818
0.155844
0.175325
0.155844
0.194805
0.175325
0.194805
0.201299
0.194805
0.331169
0.162338
0.207792
0.168831
0.168831
0.149351
0.175325
0.181818
0.162338
0.194805
0.188312
0.331169
0.194805
0.175325
0.149351
0.194805
0.207792
0.181818
0.181818
0.201299
0.175325
0.227273
0.331169
0.201299
0.207792
0.181818
0.181818
0.149351
0.162338
0.188312
0.155844
0.181818
0.201299
0.194805
0.168831
0.175325
0.162338
0.149351
0.162338
0.129870
0.188312
0.181818
0.181818
0.149351
0.331169
0.194805
0.188312
0.175325
0.240260
0.188312
0.201299
0.220779
0.175325
0.175325
0.175325
0.175325
0.214286
0.136364
0.188312
0.194805
0.207792
0.175325
0.149351
0.181818
0.175325
0.155844
0.162338
0.168831
0.175325
0.194805
0.136364
0.142857
0.201299
0.201299
0.149351
0.129870
0.194805
0.331169
0.207792
0.188312
0.201299
0.181818
0.175325
0.162338
0.175325
0.175325
0.181818
0.175325
0.207792
0.175325
0.168831
0.188312
0.194805
0.149351
0.233766
0.168831
0.188312
0.214286
0.194805
0.188312
0.162338
0.188312
0.214286
0.175325
0.168831
0.194805
0.194805
0.162338
0.142857
0.155844
0.175325
0.194805
0.136364
0.168831
0.162338
0.194805
0.162338
0.214286
0.214286
0.201299
0.162338
0.220779
0.162338
0.175325
0.149351
0.181818
0.214286
0.149351
0.194805
0.168831
0.168831
0.149351
0.175325
0.181818
0.188312
0.188312
0.162338
0.181818
0.155844
0.168831
0.168831
0.194805
0.207792
0.207792
0.162338
0.168831
0.181818
0.181818
0.188312
0.168831
0.155844
0.175325
0.142857
0.175325
0.162338
0.207792
0.194805
0.175325
0.175325
0.181818
0.181818
0.162338
0.168831
0.142857
0.201299
0.129870
0.155844
0.155844
0.162338
0.227273
0.181818
0.181818
0.194805
0.220779
0.207792
0.194805
0.175325
0.201299
0.123377
0.162338
0.188312
0.155844
0.175325
0.194805
0.220779
0.155844
0.175325
0.331169
0.155844
0.175325
0.181818
0.181818
0.227273
0.188312
