0.156716
0.171642
0.216418
0.164179
0.164179
0.149254
0.134328
0.156716
0.186567
0.186567
0.186567
0.179104
0.149254
0.253731
0.156716
0.134328
0.201493
0.171642
0.179104
0.194030
0.208955
0.141791
0.126866
0.194030
0.201493
0.171642
0.164179
0.171642
0.223881
0.149254
0.179104
0.216418
0.186567
0.208955
0.186567
0.231343
0.179104
0.141791
0.156716
0.171642
0.201493
0.194030
0.186567
0.216418
0.156716
0.171642
0.194030
0.164179
0.179104
0.208955
0.164179
0.156716
0.179104
0.179104
0.156716
0.141791
0.201493
0.179104
0.171642
0.126866
0.186567
0.179104
0.194030
0.179104
0.134328
0.186567
0.164179
0.208955
0.171642
0.208955
0.171642
0.186567
0.156716
0.149254
0.201493
0.179104
0.164179
0.194030
0.186567
0.179104
0.164179
0.186567
0.246269
0.186567
0.104478
0.171642
0.141791
0.134328
0.171642
0.186567
0.179104
0.171642
0.156716
0.186567
0.164179
0.194030
0.156716
0.194030
0.238806
0.201493
0.186567
0.223881
0.223881
0.186567
0.171642
0.208955
0.179104
0.216418
0.149254
0.201493
0.119403
0.208955
0.179104
0.201493
0.194030
0.179104
0.171642
0.156716
0.171642
0.141791
0.320896
0.141791
0.201493
0.231343
0.208955
0.201493
0.231343
0.126866
0.194030
0.171642
0.164179
0.208955
0.201493
0.171642
0.208955
0.179104
0.164179
0.156716
0.156716
0.141791
0.194030
0.186567
0.201493
0.149254
0.194030
0.171642
0.186567
0.171642
0.164179
0.208955
0.216418
0.156716
0.156716
0.164179
0.179104
0.149254
0.134328
0.186567
0.171642
0.141791
0.201493
0.186567
0.186567
0.179104
0.186567
0.171642
0.164179
0.216418
0.156716
0.164179
0.126866
0.179104
0.141791
0.156716
0.246269
0.186567
0.179104
0.186567
0.186567
0.097015
0.201493
0.246269
0.134328
0.179104
0.186567
0.156716
0.194030
0.171642
0.186567
0.223881
0.126866
0.208955
0.141791
0.149254
0.171642
0.149254
0.156716
0.134328
0.179104
0.208955
0.238806
0.134328
0.164179
0.171642
0.194030
0.194030
0.186567
0.179104
0.194030
0.179104
0.179104
0.171642
0.223881
0.216418
0.164179
0.164179
0.164179
0.231343
0.141791
0.276119
0.194030
0.194030
0.223881
0.179104
0.194030
0.194030
0.201493
0.171642
0.179104
0.179104
0.231343
0.179104
0.156716
0.134328
0.141791
0.171642
0.149254
0.179104
0.164179
0.164179
0.208955
0.186567
0.171642
0.186567
0.179104
0.238806
0.164179
0.156716
0.261194
0.179104
0.149254
0.186567
0.179104
0.194030
0.156716
0.179104
0.156716
0.171642
0.179104
0.141791
0.164179
0.134328
0.156716
0.186567
0.156716
0.186567
0.194030
0.149254
0.156716
0.186567
0.186567
0.179104
0.179104
0.134328
0.156716
0.283582
0.164179
0.171642
0.179104
0.149254
0.171642
0.171642
0.194030
0.201493
0.164179
0.156716
0.179104
0.194030
0.149254
0.164179
0.201493
0.156716
0.179104
0.201493
0.141791
0.208955
0.223881
0.164179
0.201493
0.156716
