0.201031
0.257732
0.185567
0.185567
0.170103
0.190722
0.283505
0.175258
0.164948
0.211340
0.237113
0.293814
0.195876
0.195876
0.242268
0.190722
0.175258
0.206186
0.293814
0.211340
0.175258
0.304124
0.211340
0.237113
0.190722
0.195876
0.226804
0.206186
0.216495
0.201031
0.262887
0.175258
0.221649
0.180412
0.273196
0.180412
0.216495
0.185567
0.247423
0.180412
0.231959
0.278351
0.190722
0.206186
0.175258
0.190722
0.262887
0.170103
0.211340
0.195876
0.201031
0.201031
0.195876
0.247423
0.180412
0.190722
0.226804
0.242268
0.273196
0.206186
0.185567
0.231959
0.247423
0.226804
0.180412
0.201031
0.164948
0.201031
0.252577
0.170103
0.257732
0.159794
0.170103
0.231959
0.216495
0.211340
0.170103
0.201031
0.226804
0.221649
0.216495
0.159794
0.314433
0.185567
0.268041
0.185567
0.206186
0.154639
0.247423
0.252577
0.283505
0.195876
0.201031
0.206186
0.180412
0.175258
0.216495
0.201031
0.216495
0.206186
0.206186
0.190722
0.273196
0.226804
0.211340
0.170103
0.221649
0.206186
0.185567
0.242268
0.195876
0.283505
0.201031
0.175258
0.216495
0.201031
0.206186
0.283505
0.139175
0.185567
0.278351
0.190722
0.190722
0.278351
0.159794
0.190722
0.159794
0.180412
0.206186
0.170103
0.185567
0.293814
0.211340
0.195876
0.273196
0.242268
0.190722
0.211340
0.201031
0.221649
0.247423
0.170103
0.247423
0.211340
0.231959
0.211340
0.195876
0.221649
0.216495
0.273196
0.190722
0.231959
0.242268
0.170103
0.211340
0.180412
0.216495
0.211340
0.201031
0.190722
0.283505
0.283505
0.237113
0.190722
0.195876
0.134021
0.185567
0.195876
0.190722
0.128866
0.185567
0.206186
0.237113
0.180412
0.231959
0.206186
0.231959
0.247423
0.201031
0.237113
0.226804
0.231959
0.159794
0.221649
0.206186
0.247423
0.231959
0.185567
0.185567
0.185567
0.216495
0.195876
0.247423
0.180412
0.221649
0.139175
0.185567
0.170103
0.134021
0.185567
0.185567
0.190722
0.231959
0.242268
0.247423
0.164948
0.170103
0.221649
0.226804
0.144330
0.159794
0.164948
0.283505
0.252577
0.211340
0.273196
0.190722
0.195876
0.190722
0.252577
0.211340
0.262887
0.252577
0.170103
0.257732
0.201031
0.185567
0.288660
0.180412
0.226804
0.211340
0.211340
0.231959
0.159794
0.211340
0.159794
0.206186
0.216495
0.180412
0.170103
0.175258
0.226804
0.185567
0.237113
0.221649
0.206186
0.180412
0.180412
0.206186
0.324742
0.201031
0.226804
0.185567
0.180412
0.190722
0.175258
0.175258
0.164948
0.221649
0.216495
0.221649
0.216495
0.252577
0.273196
0.237113
0.319588
0.149485
0.190722
0.211340
0.257732
0.170103
0.195876
0.195876
0.201031
0.247423
0.237113
0.180412
0.298969
0.226804
0.242268
0.180412
0.185567
0.268041
0.221649
0.211340
0.159794
0.211340
0.211340
0.175258
0.170103
0.195876
0.278351
0.175258
0.201031
0.195876
0.180412
0.170103
0.164948
0.242268
0.201031
