0.157895
0.149123
0.201754
0.184211
0.192982
0.157895
0.201754
0.140351
0.245614
0.149123
0.192982
0.157895
0.157895
0.157895
0.210526
0.254386
0.228070
0.192982
0.140351
0.131579
0.201754
0.219298
0.140351
0.114035
0.236842
0.166667
0.201754
0.210526
0.149123
0.192982
0.210526
0.175439
0.184211
0.175439
0.166667
0.192982
0.184211
0.114035
0.131579
0.184211
0.184211
0.201754
0.131579
0.105263
0.192982
0.201754
0.175439
0.192982
0.131579
0.157895
0.166667
0.184211
0.175439
0.184211
0.157895
0.140351
0.131579
0.228070
0.184211
0.149123
0.192982
0.175439
0.201754
0.219298
0.201754
0.175439
0.157895
0.192982
0.192982
0.149123
0.140351
0.149123
0.245614
0.166667
0.184211
0.184211
0.157895
0.131579
0.201754
0.131579
0.184211
0.192982
0.201754
0.166667
0.201754
0.157895
0.157895
0.149123
0.149123
0.149123
0.184211
0.157895
0.105263
0.219298
0.210526
0.166667
0.201754
0.219298
0.149123
0.131579
0.149123
0.201754
0.184211
0.184211
0.201754
0.157895
0.201754
0.157895
0.184211
0.228070
0.166667
0.184211
0.122807
0.157895
0.149123
0.157895
0.166667
0.166667
0.184211
0.184211
0.175439
0.184211
0.140351
0.192982
0.149123
0.140351
0.157895
0.166667
0.140351
0.175439
0.157895
0.219298
0.192982
0.149123
0.245614
0.192982
0.184211
0.157895
0.175439
0.236842
0.166667
0.201754
0.140351
0.192982
0.149123
0.140351
0.184211
0.228070
0.157895
0.166667
0.210526
0.157895
0.114035
0.210526
0.122807
0.184211
0.131579
0.201754
0.149123
0.166667
0.228070
0.157895
0.184211
0.157895
0.166667
0.140351
0.201754
0.149123
0.140351
0.140351
0.175439
0.201754
0.140351
0.131579
0.201754
0.175439
0.228070
0.149123
0.192982
0.166667
0.157895
0.175439
0.175439
0.210526
0.166667
0.131579
0.184211
0.149123
0.184211
0.131579
0.140351
0.201754
0.184211
0.184211
0.175439
0.140351
0.236842
0.184211
0.210526
0.192982
0.175439
0.201754
0.140351
0.192982
0.175439
0.175439
0.157895
0.219298
0.166667
0.140351
0.192982
0.192982
0.175439
0.228070
0.201754
0.184211
0.166667
0.157895
0.201754
0.184211
0.210526
0.175439
0.166667
0.219298
0.201754
0.175439
0.131579
0.175439
0.140351
0.184211
0.166667
0.175439
0.201754
0.228070
0.140351
0.192982
0.157895
0.192982
0.140351
0.175439
0.175439
0.192982
0.201754
0.219298
0.192982
0.157895
0.210526
0.219298
0.184211
0.140351
0.140351
0.184211
0.166667
0.219298
0.192982
0.140351
0.157895
0.166667
0.131579
0.157895
0.219298
0.184211
0.122807
0.114035
0.122807
0.175439
0.184211
0.166667
0.166667
0.131579
0.201754
0.149123
0.105263
0.263158
0.263158
0.140351
0.254386
0.201754
0.157895
0.157895
0.184211
0.166667
0.201754
0.131579
0.184211
0.236842
0.166667
0.192982
0.122807
0.192982
0.263158
0.149123
0.236842
0.184211
0.184211
0.192982
0.157895
0.166667
0.192982
0.219298
