0.175439
0.315789
0.236842
0.184211
0.219298
0.166667
0.219298
0.175439
0.236842
0.166667
0.219298
0.175439
0.219298
0.228070
0.201754
0.245614
0.245614
0.210526
0.210526
0.184211
0.192982
0.192982
0.175439
0.166667
0.184211
0.157895
0.219298
0.210526
0.201754
0.219298
0.219298
0.236842
0.210526
0.245614
0.166667
0.307018
0.228070
0.201754
0.149123
0.228070
0.228070
0.184211
0.201754
0.254386
0.228070
0.228070
0.254386
0.201754
0.192982
0.184211
0.201754
0.254386
0.192982
0.219298
0.210526
0.219298
0.184211
0.210526
0.254386
0.175439
0.192982
0.175439
0.219298
0.184211
0.245614
0.228070
0.122807
0.192982
0.175439
0.210526
0.184211
0.201754
0.228070
0.263158
0.184211
0.175439
0.236842
0.219298
0.236842
0.201754
0.236842
0.210526
0.184211
0.236842
0.280702
0.184211
0.201754
0.166667
0.210526
0.192982
0.219298
0.149123
0.192982
0.201754
0.228070
0.201754
0.149123
0.289474
0.289474
0.175439
0.201754
0.228070
0.210526
0.131579
0.228070
0.280702
0.157895
0.192982
0.201754
0.219298
0.271930
0.254386
0.184211
0.201754
0.245614
0.184211
0.254386
0.236842
0.201754
0.245614
0.236842
0.219298
0.201754
0.254386
0.184211
0.201754
0.166667
0.201754
0.219298
0.166667
0.210526
0.219298
0.219298
0.201754
0.228070
0.263158
0.201754
0.236842
0.184211
0.245614
0.228070
0.219298
0.184211
0.157895
0.184211
0.245614
0.192982
0.236842
0.192982
0.228070
0.219298
0.201754
0.131579
0.184211
0.219298
0.210526
0.175439
0.201754
0.210526
0.175439
0.184211
0.201754
0.201754
0.219298
0.184211
0.201754
0.192982
0.175439
0.210526
0.210526
0.236842
0.219298
0.166667
0.210526
0.184211
0.184211
0.184211
0.192982
0.228070
0.192982
0.184211
0.245614
0.263158
0.236842
0.219298
0.149123
0.149123
0.192982
0.271930
0.219298
0.184211
0.201754
0.228070
0.263158
0.192982
0.280702
0.271930
0.201754
0.219298
0.219298
0.201754
0.219298
0.184211
0.236842
0.201754
0.219298
0.192982
0.219298
0.254386
0.201754
0.192982
0.210526
0.245614
0.236842
0.263158
0.184211
0.210526
0.157895
0.201754
0.236842
0.236842
0.201754
0.236842
0.219298
0.219298
0.219298
0.192982
0.228070
0.219298
0.245614
0.201754
0.219298
0.210526
0.254386
0.175439
0.184211
0.184211
0.228070
0.175439
0.245614
0.140351
0.184211
0.192982
0.210526
0.271930
0.175439
0.219298
0.219298
0.184211
0.192982
0.149123
0.210526
0.184211
0.157895
0.228070
0.184211
0.210526
0.157895
0.192982
0.140351
0.254386
0.201754
0.192982
0.175439
0.157895
0.263158
0.157895
0.228070
0.175439
0.149123
0.201754
0.201754
0.184211
0.254386
0.263158
0.175439
0.219298
0.236842
0.201754
0.184211
0.201754
0.228070
0.210526
0.254386
0.219298
0.192982
0.219298
0.201754
0.166667
0.175439
0.289474
0.184211
0.219298
0.166667
0.236842
0.228070
0.184211
0.254386
0.210526
0.236842
