0.166667
0.155172
0.160920
0.183908
0.224138
0.166667
0.149425
0.132184
0.195402
0.183908
0.137931
0.132184
0.189655
0.189655
0.172414
0.172414
0.149425
0.178161
0.195402
0.178161
0.166667
0.166667
0.166667
0.166667
0.160920
0.149425
0.195402
0.206897
0.172414
0.137931
0.172414
0.189655
0.160920
0.224138
0.183908
0.149425
0.201149
0.172414
0.189655
0.206897
0.149425
0.195402
0.172414
0.195402
0.201149
0.178161
0.189655
0.149425
0.149425
0.160920
0.166667
0.160920
0.183908
0.166667
0.149425
0.155172
0.178161
0.155172
0.166667
0.178161
0.166667
0.178161
0.137931
0.160920
0.189655
0.155172
0.143678
0.172414
0.172414
0.137931
0.149425
0.166667
0.189655
0.160920
0.178161
0.183908
0.143678
0.178161
0.160920
0.143678
0.178161
0.183908
0.155172
0.160920
0.172414
0.178161
0.155172
0.137931
0.166667
0.183908
0.166667
0.235632
0.120690
0.206897
0.155172
0.160920
0.160920
0.160920
0.178161
0.172414
0.143678
0.195402
0.172414
0.160920
0.172414
0.143678
0.172414
0.178161
0.160920
0.172414
0.166667
0.183908
0.160920
0.155172
0.155172
0.155172
0.195402
0.137931
0.160920
0.172414
0.183908
0.178161
0.143678
0.172414
0.155172
0.166667
0.166667
0.114943
0.166667
0.166667
0.149425
0.183908
0.149425
0.160920
0.137931
0.178161
0.189655
0.166667
0.189655
0.224138
0.252874
0.178161
0.166667
0.178161
0.166667
0.189655
0.172414
0.195402
0.172414
0.201149
0.149425
0.183908
0.183908
0.172414
0.143678
0.155172
0.195402
0.183908
0.183908
0.178161
0.172414
0.149425
0.189655
0.143678
0.143678
0.178161
0.183908
0.160920
0.155172
0.206897
0.212644
0.160920
0.160920
0.160920
0.178161
0.166667
0.137931
0.160920
0.166667
0.160920
0.206897
0.172414
0.160920
0.143678
0.143678
0.155172
0.172414
0.160920
0.178161
0.166667
0.218391
0.183908
0.212644
0.172414
0.189655
0.195402
0.166667
0.143678
0.172414
0.229885
0.155172
0.149425
0.166667
0.212644
0.155172
0.143678
0.149425
0.149425
0.166667
0.143678
0.212644
0.160920
0.126437
0.218391
0.229885
0.160920
0.149425
0.275862
0.155172
0.195402
0.172414
0.172414
0.160920
0.212644
0.166667
0.172414
0.149425
0.149425
0.178161
0.160920
0.183908
0.149425
0.178161
0.160920
0.178161
0.172414
0.155172
0.172414
0.149425
0.189655
0.143678
0.178161
0.149425
0.166667
0.143678
0.178161
0.166667
0.195402
0.166667
0.155172
0.178161
0.172414
0.172414
0.149425
0.126437
0.166667
0.160920
0.120690
0.155172
0.160920
0.212644
0.149425
0.178161
0.166667
0.178161
0.172414
0.183908
0.206897
0.172414
0.143678
0.166667
0.143678
0.206897
0.143678
0.160920
0.189655
0.258621
0.195402
0.160920
0.172414
0.166667
0.172414
0.166667
0.201149
0.212644
0.178161
0.178161
0.155172
0.178161
0.155172
0.155172
0.155172
0.195402
0.155172
0.137931
0.166667
0.155172
0.155172
0.218391
0.178161
