0.335821
0.156716
0.335821
0.156716
0.149254
0.179104
0.171642
0.164179
0.231343
0.179104
0.111940
0.179104
0.171642
0.238806
0.343284
0.156716
0.164179
0.194030
0.186567
0.186567
0.335821
0.201493
0.156716
0.141791
0.298507
0.119403
0.186567
0.208955
0.208955
0.223881
0.447761
0.179104
0.134328
0.141791
0.335821
0.141791
0.223881
0.216418
0.201493
0.335821
0.276119
0.208955
0.208955
0.179104
0.283582
0.141791
0.171642
0.164179
0.149254
0.194030
0.231343
0.149254
0.216418
0.365672
0.328358
0.171642
0.179104
0.440299
0.223881
0.194030
0.335821
0.156716
0.171642
0.343284
0.179104
0.171642
0.171642
0.358209
0.208955
0.156716
0.305970
0.208955
0.335821
0.261194
0.179104
0.201493
0.179104
0.529851
0.149254
0.156716
0.253731
0.186567
0.164179
0.291045
0.186567
0.186567
0.201493
0.335821
0.194030
0.186567
0.343284
0.186567
0.470149
0.179104
0.179104
0.238806
0.194030
0.305970
0.186567
0.223881
0.283582
0.194030
0.194030
0.380597
0.179104
0.194030
0.253731
0.335821
0.194030
0.164179
0.582090
0.164179
0.186567
0.276119
0.156716
0.171642
0.201493
0.179104
0.141791
0.179104
0.261194
0.208955
0.194030
0.291045
0.231343
0.231343
0.395522
0.179104
0.223881
0.194030
0.395522
0.186567
0.186567
0.313433
0.216418
0.171642
0.268657
0.186567
0.164179
0.179104
0.604478
0.186567
0.186567
0.343284
0.194030
0.194030
0.358209
0.216418
0.164179
0.171642
0.335821
0.179104
0.179104
0.283582
0.208955
0.664179
0.335821
0.149254
0.171642
0.201493
0.507463
0.201493
0.156716
0.320896
0.156716
0.664179
0.179104
0.179104
0.201493
0.208955
0.335821
0.134328
0.141791
0.305970
0.201493
0.268657
0.261194
0.164179
0.164179
0.216418
0.335821
0.194030
0.231343
0.201493
0.164179
0.283582
0.335821
0.156716
0.186567
0.343284
0.335821
0.164179
0.171642
0.350746
0.194030
0.149254
0.335821
0.223881
0.171642
0.335821
0.343284
0.186567
0.134328
0.686567
0.194030
0.194030
0.335821
0.231343
0.141791
0.231343
0.194030
0.171642
0.164179
0.395522
0.156716
0.171642
0.201493
0.141791
0.156716
0.216418
0.171642
0.149254
0.201493
0.604478
0.164179
0.231343
0.671642
0.171642
0.335821
0.320896
0.164179
0.186567
0.208955
0.343284
0.186567
0.156716
0.343284
0.141791
0.656716
0.328358
0.179104
0.231343
0.216418
0.268657
0.194030
0.223881
0.365672
0.223881
0.335821
0.335821
0.149254
0.149254
0.171642
0.335821
0.156716
0.156716
0.238806
0.194030
0.485075
0.305970
0.194030
0.171642
0.149254
0.335821
0.208955
0.201493
0.417910
0.179104
0.231343
0.455224
0.164179
0.179104
0.194030
0.328358
0.179104
0.194030
0.328358
0.171642
0.186567
0.253731
0.171642
0.208955
0.335821
0.171642
0.201493
0.141791
0.335821
0.216418
0.201493
0.328358
0.156716
0.186567
0.216418
0.156716
0.179104
0.171642
0.328358
0.208955
0.216418
0.305970
