0.211340
0.159794
0.180412
0.185567
0.144330
0.164948
0.164948
0.175258
0.195876
0.139175
0.185567
0.159794
0.175258
0.144330
0.149485
0.164948
0.185567
0.170103
0.159794
0.185567
0.139175
0.175258
0.201031
0.195876
0.164948
0.149485
0.185567
0.201031
0.190722
0.134021
0.164948
0.195876
0.154639
0.180412
0.154639
0.170103
0.211340
0.164948
0.149485
0.175258
0.170103
0.195876
0.154639
0.154639
0.139175
0.175258
0.164948
0.159794
0.149485
0.185567
0.201031
0.149485
0.154639
0.159794
0.201031
0.185567
0.195876
0.164948
0.164948
0.159794
0.164948
0.164948
0.144330
0.154639
0.170103
0.159794
0.154639
0.190722
0.175258
0.190722
0.128866
0.185567
0.185567
0.180412
0.175258
0.149485
0.185567
0.180412
0.149485
0.170103
0.144330
0.154639
0.170103
0.190722
0.154639
0.247423
0.149485
0.190722
0.134021
0.201031
0.164948
0.154639
0.185567
0.175258
0.144330
0.180412
0.252577
0.175258
0.231959
0.154639
0.159794
0.164948
0.206186
0.247423
0.201031
0.195876
0.170103
0.185567
0.149485
0.170103
0.180412
0.164948
0.170103
0.159794
0.164948
0.185567
0.113402
0.149485
0.170103
0.149485
0.123711
0.123711
0.201031
0.175258
0.159794
0.170103
0.144330
0.180412
0.149485
0.164948
0.144330
0.283505
0.164948
0.159794
0.144330
0.128866
0.159794
0.170103
0.164948
0.226804
0.159794
0.201031
0.164948
0.144330
0.175258
0.175258
0.164948
0.190722
0.190722
0.216495
0.195876
0.175258
0.180412
0.159794
0.226804
0.190722
0.180412
0.180412
0.257732
0.201031
0.144330
0.164948
0.170103
0.154639
0.175258
0.180412
0.180412
0.128866
0.226804
0.216495
0.154639
0.185567
0.221649
0.190722
0.154639
0.180412
0.164948
0.180412
0.211340
0.221649
0.164948
0.175258
0.195876
0.149485
0.159794
0.154639
0.175258
0.211340
0.201031
0.180412
0.164948
0.180412
0.185567
0.149485
0.195876
0.164948
0.154639
0.139175
0.159794
0.185567
0.170103
0.154639
0.144330
0.175258
0.185567
0.190722
0.175258
0.175258
0.190722
0.185567
0.190722
0.139175
0.154639
0.175258
0.170103
0.201031
0.185567
0.149485
0.144330
0.226804
0.206186
0.164948
0.139175
0.134021
0.159794
0.190722
0.134021
0.144330
0.144330
0.159794
0.201031
0.242268
0.139175
0.164948
0.252577
0.144330
0.190722
0.242268
0.144330
0.144330
0.128866
0.195876
0.231959
0.170103
0.149485
0.201031
0.226804
0.190722
0.190722
0.144330
0.185567
0.144330
0.195876
0.159794
0.221649
0.185567
0.139175
0.175258
0.226804
0.159794
0.144330
0.128866
0.175258
0.159794
0.159794
0.159794
0.159794
0.185567
0.164948
0.164948
0.175258
0.170103
0.201031
0.159794
0.211340
0.201031
0.185567
0.195876
0.175258
0.149485
0.170103
0.149485
0.149485
0.164948
0.159794
0.154639
0.164948
0.134021
0.195876
0.221649
0.180412
0.185567
0.175258
0.170103
0.180412
0.175258
0.159794
0.154639
0.180412
0.190722
