0.201493
0.216418
0.253731
0.194030
0.208955
0.186567
0.194030
0.179104
0.208955
0.164179
0.223881
0.238806
0.186567
0.201493
0.179104
0.253731
0.223881
0.246269
0.186567
0.186567
0.179104
0.194030
0.171642
0.149254
0.179104
0.216418
0.253731
0.231343
0.171642
0.186567
0.179104
0.179104
0.186567
0.201493
0.216418
0.164179
0.238806
0.208955
0.179104
0.201493
0.238806
0.179104
0.238806
0.201493
0.149254
0.194030
0.238806
0.283582
0.231343
0.231343
0.216418
0.171642
0.216418
0.179104
0.201493
0.253731
0.223881
0.231343
0.179104
0.208955
0.216418
0.223881
0.179104
0.216418
0.201493
0.171642
0.201493
0.201493
0.194030
0.201493
0.171642
0.201493
0.171642
0.149254
0.179104
0.223881
0.216418
0.261194
0.208955
0.171642
0.171642
0.291045
0.208955
0.194030
0.208955
0.216418
0.194030
0.149254
0.186567
0.179104
0.179104
0.194030
0.208955
0.223881
0.276119
0.201493
0.238806
0.208955
0.179104
0.141791
0.171642
0.171642
0.208955
0.238806
0.223881
0.208955
0.171642
0.186567
0.231343
0.171642
0.171642
0.223881
0.298507
0.194030
0.201493
0.194030
0.171642
0.201493
0.201493
0.253731
0.238806
0.179104
0.238806
0.149254
0.171642
0.179104
0.261194
0.194030
0.208955
0.238806
0.223881
0.186567
0.194030
0.164179
0.171642
0.171642
0.328358
0.194030
0.216418
0.208955
0.186567
0.164179
0.164179
0.231343
0.186567
0.201493
0.194030
0.141791
0.194030
0.186567
0.186567
0.171642
0.208955
0.186567
0.171642
0.223881
0.194030
0.194030
0.223881
0.186567
0.194030
0.179104
0.201493
0.186567
0.231343
0.186567
0.194030
0.216418
0.201493
0.186567
0.156716
0.246269
0.208955
0.156716
0.238806
0.201493
0.231343
0.201493
0.208955
0.223881
0.201493
0.141791
0.223881
0.164179
0.253731
0.171642
0.268657
0.164179
0.179104
0.164179
0.208955
0.186567
0.231343
0.231343
0.216418
0.179104
0.186567
0.216418
0.186567
0.238806
0.194030
0.216418
0.171642
0.149254
0.186567
0.201493
0.328358
0.194030
0.238806
0.179104
0.223881
0.164179
0.246269
0.208955
0.208955
0.201493
0.156716
0.201493
0.194030
0.216418
0.201493
0.201493
0.223881
0.194030
0.216418
0.201493
0.216418
0.194030
0.231343
0.208955
0.186567
0.201493
0.194030
0.134328
0.201493
0.171642
0.216418
0.194030
0.216418
0.186567
0.141791
0.208955
0.216418
0.238806
0.298507
0.149254
0.186567
0.216418
0.149254
0.216418
0.171642
0.238806
0.231343
0.186567
0.141791
0.223881
0.238806
0.231343
0.186567
0.216418
0.231343
0.201493
0.246269
0.186567
0.201493
0.164179
0.216418
0.208955
0.149254
0.231343
0.246269
0.216418
0.208955
0.238806
0.201493
0.186567
0.201493
0.231343
0.179104
0.216418
0.238806
0.208955
0.186567
0.231343
0.171642
0.171642
0.186567
0.179104
0.194030
0.238806
0.223881
0.223881
0.156716
0.186567
0.164179
0.179104
0.246269
0.268657
0.141791
0.261194
