0.335821
0.335821
0.335821
0.335821
0.335821
0.149254
0.335821
0.126866
0.171642
0.186567
0.179104
0.597015
0.664179
0.664179
0.126866
0.664179
0.335821
0.335821
0.335821
0.194030
0.149254
0.186567
0.335821
0.664179
0.179104
0.194030
0.186567
0.828358
0.141791
0.664179
0.253731
0.335821
0.388060
0.179104
0.664179
0.179104
0.865672
0.664179
0.156716
0.164179
0.194030
0.664179
0.664179
0.186567
0.537313
0.671642
0.664179
0.335821
0.126866
0.164179
0.186567
0.843284
0.171642
0.179104
0.141791
0.791045
0.335821
0.507463
0.805970
0.492537
0.149254
0.149254
0.186567
0.149254
0.335821
0.164179
0.664179
0.164179
0.664179
0.805970
0.164179
0.708955
0.843284
0.805970
0.402985
0.664179
0.335821
0.335821
0.664179
0.850746
0.664179
0.164179
0.149254
0.783582
0.141791
0.335821
0.164179
0.156716
0.820896
0.194030
0.335821
0.335821
0.141791
0.126866
0.111940
0.335821
0.522388
0.828358
0.805970
0.335821
0.664179
0.335821
0.611940
0.664179
0.649254
0.335821
0.335821
0.141791
0.186567
0.664179
0.156716
0.186567
0.335821
0.119403
0.156716
0.664179
0.335821
0.335821
0.634328
0.179104
0.664179
0.335821
0.664179
0.126866
0.664179
0.164179
0.664179
0.208955
0.201493
0.664179
0.813433
0.664179
0.664179
0.335821
0.805970
0.664179
0.664179
0.171642
0.179104
0.335821
0.149254
0.179104
0.179104
0.171642
0.664179
0.664179
0.582090
0.850746
0.335821
0.410448
0.335821
0.171642
0.149254
0.141791
0.141791
0.335821
0.171642
0.171642
0.664179
0.149254
0.664179
0.813433
0.335821
0.141791
0.164179
0.141791
0.164179
0.164179
0.664179
0.507463
0.126866
0.335821
0.335821
0.664179
0.335821
0.335821
0.335821
0.335821
0.664179
0.335821
0.335821
0.335821
0.179104
0.171642
0.522388
0.335821
0.164179
0.156716
0.171642
0.485075
0.843284
0.335821
0.149254
0.664179
0.335821
0.194030
0.171642
0.813433
0.171642
0.798507
0.664179
0.194030
0.828358
0.164179
0.820896
0.335821
0.335821
0.335821
0.335821
0.335821
0.664179
0.791045
0.156716
0.335821
0.664179
0.156716
0.664179
0.201493
0.477612
0.850746
0.335821
0.664179
0.335821
0.335821
0.335821
0.186567
0.828358
0.156716
0.156716
0.828358
0.335821
0.858209
0.141791
0.149254
0.507463
0.664179
0.335821
0.410448
0.664179
0.194030
0.156716
0.156716
0.664179
0.119403
0.216418
0.134328
0.134328
0.253731
0.149254
0.335821
0.350746
0.350746
0.492537
0.179104
0.216418
0.141791
0.134328
0.335821
0.395522
0.335821
0.597015
0.664179
0.335821
0.335821
0.149254
0.149254
0.119403
0.805970
0.186567
0.283582
0.798507
0.335821
0.171642
0.335821
0.335821
0.664179
0.335821
0.335821
0.664179
0.164179
0.164179
0.164179
0.686567
0.664179
0.179104
0.164179
0.664179
0.119403
0.156716
0.149254
0.335821
0.664179
0.335821
0.410448
0.149254
0.843284
0.126866
0.149254
0.171642
0.156716
