0.207792
0.201299
0.188312
0.227273
0.201299
0.201299
0.220779
0.181818
0.181818
0.188312
0.207792
0.188312
0.266234
0.168831
0.194805
0.194805
0.207792
0.194805
0.207792
0.259740
0.220779
0.188312
0.227273
0.246753
0.181818
0.240260
0.233766
0.194805
0.246753
0.194805
0.227273
0.181818
0.220779
0.168831
0.194805
0.220779
0.168831
0.201299
0.214286
0.318182
0.162338
0.175325
0.220779
0.220779
0.136364
0.227273
0.227273
0.220779
0.194805
0.162338
0.227273
0.220779
0.181818
0.233766
0.168831
0.220779
0.220779
0.214286
0.201299
0.188312
0.240260
0.240260
0.259740
0.168831
0.227273
0.175325
0.194805
0.201299
0.240260
0.240260
0.188312
0.207792
0.188312
0.227273
0.188312
0.194805
0.188312
0.233766
0.207792
0.194805
0.279221
0.214286
0.220779
0.246753
0.201299
0.162338
0.214286
0.227273
0.207792
0.194805
0.188312
0.227273
0.194805
0.155844
0.188312
0.194805
0.188312
0.227273
0.155844
0.233766
0.201299
0.227273
0.207792
0.142857
0.194805
0.168831
0.233766
0.233766
0.227273
0.259740
0.220779
0.168831
0.220779
0.175325
0.220779
0.233766
0.233766
0.181818
0.207792
0.233766
0.227273
0.227273
0.240260
0.214286
0.201299
0.207792
0.201299
0.194805
0.214286
0.168831
0.363636
0.207792
0.168831
0.136364
0.181818
0.181818
0.175325
0.194805
0.214286
0.136364
0.220779
0.175325
0.227273
0.240260
0.188312
0.214286
0.207792
0.233766
0.188312
0.194805
0.279221
0.240260
0.168831
0.194805
0.214286
0.168831
0.194805
0.266234
0.220779
0.181818
0.188312
0.214286
0.194805
0.240260
0.181818
0.201299
0.272727
0.162338
0.201299
0.181818
0.175325
0.220779
0.188312
0.149351
0.220779
0.181818
0.233766
0.188312
0.214286
0.227273
0.214286
0.175325
0.253247
0.207792
0.207792
0.168831
0.188312
0.194805
0.227273
0.227273
0.214286
0.233766
0.181818
0.201299
0.233766
0.168831
0.214286
0.168831
0.227273
0.155844
0.162338
0.227273
0.181818
0.227273
0.240260
0.240260
0.220779
0.188312
0.207792
0.207792
0.181818
0.220779
0.259740
0.181818
0.188312
0.240260
0.220779
0.214286
0.194805
0.175325
0.162338
0.188312
0.207792
0.220779
0.168831
0.227273
0.220779
0.227273
0.246753
0.181818
0.168831
0.214286
0.194805
0.194805
0.181818
0.149351
0.201299
0.266234
0.175325
0.201299
0.188312
0.181818
0.207792
0.207792
0.227273
0.155844
0.181818
0.227273
0.227273
0.311688
0.188312
0.175325
0.175325
0.246753
0.194805
0.188312
0.201299
0.175325
0.181818
0.227273
0.233766
0.162338
0.201299
0.168831
0.233766
0.155844
0.233766
0.220779
0.168831
0.214286
0.214286
0.253247
0.253247
0.181818
0.227273
0.227273
0.240260
0.214286
0.253247
0.201299
0.240260
0.207792
0.253247
0.194805
0.220779
0.227273
0.233766
0.220779
0.246753
0.175325
0.207792
0.168831
0.227273
0.207792
0.227273
0.266234
0.201299
0.168831
0.155844
0.201299
