0.211340
0.185567
0.195876
0.164948
0.159794
0.195876
0.211340
0.154639
0.216495
0.231959
0.180412
0.221649
0.206186
0.283505
0.190722
0.190722
0.293814
0.164948
0.206186
0.216495
0.283505
0.247423
0.185567
0.201031
0.288660
0.211340
0.180412
0.170103
0.288660
0.252577
0.221649
0.231959
0.268041
0.252577
0.242268
0.185567
0.211340
0.221649
0.170103
0.185567
0.237113
0.195876
0.154639
0.201031
0.237113
0.180412
0.221649
0.216495
0.185567
0.195876
0.216495
0.206186
0.159794
0.216495
0.293814
0.201031
0.190722
0.175258
0.231959
0.216495
0.170103
0.190722
0.216495
0.211340
0.247423
0.159794
0.201031
0.221649
0.262887
0.170103
0.206186
0.164948
0.231959
0.231959
0.206186
0.201031
0.170103
0.242268
0.164948
0.180412
0.185567
0.226804
0.242268
0.185567
0.201031
0.226804
0.206186
0.242268
0.180412
0.190722
0.242268
0.195876
0.231959
0.164948
0.180412
0.262887
0.175258
0.201031
0.216495
0.190722
0.268041
0.206186
0.206186
0.360825
0.216495
0.257732
0.231959
0.247423
0.159794
0.149485
0.231959
0.175258
0.159794
0.283505
0.159794
0.180412
0.159794
0.175258
0.201031
0.195876
0.247423
0.242268
0.185567
0.180412
0.216495
0.175258
0.221649
0.221649
0.201031
0.211340
0.170103
0.195876
0.242268
0.185567
0.201031
0.257732
0.226804
0.237113
0.185567
0.278351
0.231959
0.159794
0.201031
0.170103
0.190722
0.314433
0.211340
0.257732
0.288660
0.206186
0.262887
0.237113
0.226804
0.257732
0.149485
0.190722
0.201031
0.206186
0.231959
0.247423
0.293814
0.247423
0.170103
0.268041
0.226804
0.180412
0.211340
0.201031
0.226804
0.154639
0.195876
0.180412
0.185567
0.180412
0.206186
0.201031
0.262887
0.221649
0.268041
0.175258
0.185567
0.211340
0.273196
0.154639
0.175258
0.288660
0.201031
0.195876
0.175258
0.195876
0.190722
0.231959
0.221649
0.195876
0.159794
0.242268
0.195876
0.159794
0.195876
0.164948
0.190722
0.175258
0.195876
0.175258
0.211340
0.201031
0.190722
0.154639
0.288660
0.195876
0.288660
0.170103
0.206186
0.159794
0.237113
0.180412
0.195876
0.211340
0.185567
0.185567
0.262887
0.190722
0.231959
0.185567
0.252577
0.195876
0.185567
0.231959
0.237113
0.185567
0.201031
0.190722
0.206186
0.216495
0.319588
0.211340
0.180412
0.180412
0.237113
0.257732
0.175258
0.175258
0.190722
0.221649
0.195876
0.175258
0.201031
0.211340
0.237113
0.175258
0.185567
0.170103
0.231959
0.175258
0.201031
0.175258
0.273196
0.185567
0.247423
0.273196
0.226804
0.298969
0.180412
0.201031
0.164948
0.237113
0.221649
0.206186
0.268041
0.180412
0.180412
0.257732
0.164948
0.201031
0.149485
0.185567
0.288660
0.164948
0.206186
0.206186
0.206186
0.201031
0.190722
0.216495
0.164948
0.170103
0.170103
0.164948
0.206186
0.231959
0.252577
0.237113
0.293814
0.231959
0.190722
0.201031
0.201031
0.226804
0.221649
0.211340
