0.331169
0.331169
0.331169
0.331169
0.331169
0.727273
0.331169
0.331169
0.331169
0.331169
0.331169
0.331169
0.331169
0.331169
0.331169
0.331169
0.331169
0.331169
0.331169
0.331169
0.331169
0.331169
0.331169
0.668831
0.668831
0.331169
0.201299
0.331169
0.331169
0.331169
0.331169
0.668831
0.331169
0.331169
0.331169
0.331169
0.292208
0.331169
0.331169
0.331169
0.668831
0.331169
0.331169
0.331169
0.668831
0.668831
0.331169
0.331169
0.331169
0.331169
0.331169
0.331169
0.376623
0.668831
0.331169
0.331169
0.331169
0.331169
0.331169
0.331169
0.331169
0.331169
0.331169
0.331169
0.331169
0.668831
0.331169
0.331169
0.331169
0.655844
0.331169
0.668831
0.331169
0.331169
0.331169
0.331169
0.331169
0.331169
0.331169
0.668831
0.331169
0.331169
0.331169
0.331169
0.331169
0.331169
0.668831
0.668831
0.668831
0.331169
0.331169
0.331169
0.331169
0.331169
0.668831
0.668831
0.331169
0.331169
0.331169
0.331169
0.331169
0.331169
0.331169
0.668831
0.331169
0.668831
0.181818
0.668831
0.331169
0.331169
0.331169
0.331169
0.331169
0.331169
0.331169
0.331169
0.331169
0.331169
0.331169
0.331169
0.331169
0.331169
0.331169
0.331169
0.331169
0.668831
0.331169
0.331169
0.331169
0.668831
0.331169
0.331169
0.668831
0.331169
0.331169
0.331169
0.214286
0.331169
0.331169
0.331169
0.331169
0.331169
0.331169
0.331169
0.331169
0.331169
0.331169
0.331169
0.331169
0.331169
0.668831
0.331169
0.331169
0.331169
0.331169
0.331169
0.331169
0.331169
0.668831
0.331169
0.668831
0.668831
0.331169
0.331169
0.331169
0.331169
0.331169
0.668831
0.331169
0.331169
0.331169
0.331169
0.331169
0.331169
0.220779
0.331169
0.649351
0.227273
0.668831
0.331169
0.331169
0.331169
0.331169
0.668831
0.331169
0.331169
0.668831
0.487013
0.331169
0.331169
0.668831
0.331169
0.331169
0.331169
0.331169
0.668831
0.331169
0.175325
0.331169
0.331169
0.331169
0.331169
0.331169
0.668831
0.175325
0.668831
0.331169
0.331169
0.668831
0.331169
0.331169
0.331169
0.668831
0.331169
0.668831
0.331169
0.331169
0.668831
0.331169
0.331169
0.532468
0.331169
0.331169
0.668831
0.331169
0.331169
0.331169
0.668831
0.668831
0.331169
0.331169
0.331169
0.331169
0.331169
0.331169
0.331169
0.331169
0.331169
0.331169
0.668831
0.668831
0.331169
0.331169
0.331169
0.331169
0.331169
0.331169
0.331169
0.331169
0.331169
0.331169
0.331169
0.331169
0.331169
0.331169
0.331169
0.331169
0.331169
0.668831
0.214286
0.668831
0.298701
0.331169
0.331169
0.668831
0.331169
0.668831
0.331169
0.668831
0.331169
0.331169
0.331169
0.331169
0.331169
0.331169
0.331169
0.331169
0.331169
0.331169
0.331169
0.331169
0.331169
0.668831
0.331169
0.331169
0.331169
0.331169
0.331169
0.331169
0.668831
0.668831
0.331169
0.331169
0.331169
0.331169
0.331169
0.331169
0.668831
0.331169
0.331169
