0.201031
0.201031
0.159794
0.175258
0.164948
0.190722
0.211340
0.164948
0.221649
0.216495
0.175258
0.195876
0.195876
0.257732
0.149485
0.175258
0.278351
0.175258
0.216495
0.195876
0.257732
0.221649
0.159794
0.216495
0.242268
0.206186
0.185567
0.185567
0.314433
0.206186
0.216495
0.201031
0.221649
0.242268
0.268041
0.170103
0.195876
0.216495
0.185567
0.185567
0.190722
0.216495
0.159794
0.237113
0.195876
0.170103
0.206186
0.231959
0.164948
0.185567
0.195876
0.190722
0.134021
0.175258
0.257732
0.180412
0.195876
0.154639
0.252577
0.201031
0.206186
0.185567
0.226804
0.185567
0.257732
0.190722
0.206186
0.226804
0.242268
0.144330
0.201031
0.170103
0.216495
0.211340
0.185567
0.201031
0.159794
0.195876
0.144330
0.185567
0.175258
0.226804
0.221649
0.273196
0.226804
0.216495
0.185567
0.242268
0.190722
0.185567
0.216495
0.175258
0.216495
0.190722
0.149485
0.268041
0.185567
0.180412
0.257732
0.185567
0.216495
0.201031
0.201031
0.298969
0.180412
0.283505
0.242268
0.237113
0.180412
0.175258
0.257732
0.190722
0.175258
0.237113
0.154639
0.149485
0.144330
0.185567
0.180412
0.175258
0.211340
0.211340
0.190722
0.206186
0.211340
0.170103
0.211340
0.154639
0.175258
0.185567
0.211340
0.226804
0.190722
0.180412
0.216495
0.262887
0.190722
0.247423
0.175258
0.211340
0.242268
0.164948
0.242268
0.175258
0.226804
0.298969
0.216495
0.226804
0.226804
0.216495
0.211340
0.221649
0.252577
0.190722
0.144330
0.190722
0.216495
0.175258
0.201031
0.237113
0.278351
0.231959
0.195876
0.242268
0.201031
0.195876
0.201031
0.170103
0.190722
0.175258
0.221649
0.195876
0.170103
0.170103
0.211340
0.211340
0.278351
0.216495
0.211340
0.154639
0.159794
0.180412
0.231959
0.185567
0.170103
0.231959
0.206186
0.180412
0.170103
0.170103
0.175258
0.273196
0.231959
0.175258
0.190722
0.190722
0.164948
0.180412
0.190722
0.175258
0.201031
0.128866
0.252577
0.185567
0.190722
0.175258
0.164948
0.180412
0.231959
0.201031
0.226804
0.164948
0.206186
0.149485
0.257732
0.164948
0.154639
0.201031
0.190722
0.164948
0.231959
0.201031
0.262887
0.185567
0.201031
0.175258
0.237113
0.190722
0.231959
0.201031
0.195876
0.170103
0.170103
0.201031
0.273196
0.242268
0.175258
0.170103
0.226804
0.257732
0.139175
0.180412
0.175258
0.226804
0.206186
0.180412
0.195876
0.195876
0.201031
0.170103
0.201031
0.175258
0.252577
0.190722
0.185567
0.159794
0.237113
0.185567
0.216495
0.304124
0.242268
0.278351
0.170103
0.170103
0.185567
0.185567
0.195876
0.185567
0.257732
0.185567
0.185567
0.216495
0.180412
0.175258
0.154639
0.201031
0.247423
0.164948
0.195876
0.180412
0.190722
0.190722
0.252577
0.180412
0.164948
0.175258
0.159794
0.185567
0.231959
0.201031
0.206186
0.195876
0.273196
0.201031
0.190722
0.185567
0.201031
0.226804
0.195876
0.221649
