0.190722
0.268041
0.164948
0.175258
0.180412
0.180412
0.252577
0.180412
0.195876
0.206186
0.226804
0.288660
0.201031
0.206186
0.247423
0.175258
0.159794
0.216495
0.262887
0.216495
0.231959
0.273196
0.211340
0.231959
0.195876
0.154639
0.216495
0.211340
0.211340
0.180412
0.221649
0.185567
0.185567
0.170103
0.262887
0.180412
0.170103
0.211340
0.252577
0.175258
0.257732
0.257732
0.180412
0.195876
0.170103
0.190722
0.242268
0.149485
0.201031
0.195876
0.180412
0.195876
0.185567
0.252577
0.180412
0.185567
0.211340
0.216495
0.278351
0.180412
0.195876
0.226804
0.252577
0.221649
0.206186
0.226804
0.211340
0.206186
0.231959
0.185567
0.283505
0.164948
0.190722
0.231959
0.170103
0.216495
0.175258
0.206186
0.226804
0.190722
0.206186
0.170103
0.257732
0.201031
0.242268
0.185567
0.201031
0.180412
0.221649
0.268041
0.298969
0.195876
0.216495
0.195876
0.180412
0.195876
0.216495
0.226804
0.190722
0.206186
0.211340
0.190722
0.278351
0.221649
0.206186
0.180412
0.206186
0.206186
0.201031
0.226804
0.190722
0.257732
0.211340
0.180412
0.175258
0.201031
0.221649
0.273196
0.164948
0.175258
0.226804
0.180412
0.201031
0.247423
0.180412
0.190722
0.164948
0.190722
0.201031
0.164948
0.206186
0.247423
0.175258
0.206186
0.247423
0.206186
0.195876
0.190722
0.175258
0.221649
0.268041
0.175258
0.262887
0.201031
0.206186
0.190722
0.211340
0.247423
0.237113
0.257732
0.170103
0.247423
0.206186
0.170103
0.206186
0.159794
0.211340
0.257732
0.206186
0.170103
0.283505
0.252577
0.216495
0.221649
0.195876
0.185567
0.190722
0.190722
0.226804
0.149485
0.180412
0.185567
0.221649
0.185567
0.226804
0.190722
0.206186
0.242268
0.195876
0.221649
0.180412
0.226804
0.180412
0.257732
0.221649
0.247423
0.247423
0.190722
0.190722
0.190722
0.221649
0.201031
0.247423
0.175258
0.216495
0.149485
0.211340
0.164948
0.149485
0.175258
0.180412
0.185567
0.216495
0.257732
0.247423
0.170103
0.175258
0.252577
0.226804
0.149485
0.164948
0.175258
0.268041
0.231959
0.201031
0.268041
0.221649
0.190722
0.180412
0.190722
0.190722
0.268041
0.211340
0.164948
0.257732
0.185567
0.175258
0.216495
0.185567
0.195876
0.195876
0.226804
0.226804
0.164948
0.190722
0.154639
0.206186
0.170103
0.206186
0.149485
0.159794
0.206186
0.175258
0.237113
0.206186
0.190722
0.180412
0.201031
0.206186
0.278351
0.211340
0.221649
0.185567
0.175258
0.190722
0.180412
0.185567
0.185567
0.231959
0.221649
0.221649
0.206186
0.237113
0.216495
0.216495
0.309278
0.154639
0.195876
0.211340
0.273196
0.175258
0.164948
0.175258
0.206186
0.231959
0.237113
0.195876
0.319588
0.221649
0.247423
0.175258
0.195876
0.262887
0.170103
0.211340
0.154639
0.206186
0.185567
0.175258
0.164948
0.185567
0.190722
0.185567
0.201031
0.180412
0.190722
0.164948
0.175258
0.252577
0.216495
