0.185567
0.180412
0.190722
0.180412
0.170103
0.170103
0.195876
0.195876
0.180412
0.206186
0.170103
0.216495
0.149485
0.190722
0.164948
0.185567
0.180412
0.257732
0.190722
0.195876
0.164948
0.195876
0.149485
0.195876
0.216495
0.211340
0.154639
0.180412
0.149485
0.159794
0.195876
0.195876
0.206186
0.175258
0.180412
0.221649
0.242268
0.164948
0.206186
0.175258
0.149485
0.273196
0.185567
0.237113
0.180412
0.180412
0.180412
0.252577
0.159794
0.149485
0.201031
0.154639
0.201031
0.252577
0.216495
0.242268
0.201031
0.195876
0.154639
0.195876
0.139175
0.221649
0.180412
0.139175
0.170103
0.216495
0.175258
0.175258
0.139175
0.195876
0.175258
0.154639
0.201031
0.164948
0.164948
0.185567
0.164948
0.128866
0.221649
0.195876
0.159794
0.149485
0.190722
0.195876
0.201031
0.154639
0.185567
0.164948
0.221649
0.262887
0.180412
0.180412
0.139175
0.185567
0.195876
0.226804
0.170103
0.252577
0.190722
0.170103
0.175258
0.180412
0.164948
0.180412
0.206186
0.231959
0.159794
0.190722
0.154639
0.154639
0.185567
0.149485
0.175258
0.170103
0.144330
0.164948
0.139175
0.170103
0.154639
0.216495
0.134021
0.149485
0.180412
0.154639
0.154639
0.211340
0.201031
0.206186
0.221649
0.180412
0.144330
0.170103
0.195876
0.164948
0.201031
0.190722
0.180412
0.190722
0.201031
0.231959
0.175258
0.201031
0.195876
0.164948
0.170103
0.221649
0.201031
0.185567
0.164948
0.175258
0.185567
0.190722
0.231959
0.159794
0.159794
0.185567
0.139175
0.175258
0.180412
0.180412
0.195876
0.201031
0.159794
0.211340
0.185567
0.201031
0.170103
0.190722
0.185567
0.195876
0.201031
0.211340
0.134021
0.175258
0.201031
0.170103
0.175258
0.180412
0.221649
0.175258
0.190722
0.170103
0.175258
0.175258
0.201031
0.195876
0.170103
0.180412
0.190722
0.195876
0.216495
0.190722
0.190722
0.190722
0.144330
0.170103
0.201031
0.185567
0.170103
0.211340
0.134021
0.154639
0.201031
0.154639
0.164948
0.180412
0.175258
0.231959
0.201031
0.211340
0.164948
0.211340
0.159794
0.195876
0.211340
0.154639
0.159794
0.159794
0.175258
0.201031
0.190722
0.164948
0.206186
0.216495
0.164948
0.190722
0.175258
0.185567
0.170103
0.164948
0.185567
0.149485
0.206186
0.180412
0.185567
0.206186
0.211340
0.164948
0.231959
0.154639
0.139175
0.221649
0.195876
0.149485
0.231959
0.190722
0.149485
0.149485
0.159794
0.211340
0.164948
0.139175
0.180412
0.180412
0.237113
0.154639
0.190722
0.211340
0.283505
0.195876
0.190722
0.164948
0.175258
0.170103
0.180412
0.231959
0.190722
0.180412
0.201031
0.185567
0.159794
0.170103
0.201031
0.190722
0.201031
0.164948
0.195876
0.170103
0.180412
0.216495
0.175258
0.201031
0.164948
0.170103
0.237113
0.164948
0.180412
0.216495
0.195876
0.226804
0.164948
0.170103
0.170103
0.195876
0.195876
0.159794
0.211340
0.201031
0.154639
0.195876
