0.190722
0.216495
0.185567
0.226804
0.170103
0.175258
0.231959
0.185567
0.180412
0.201031
0.226804
0.288660
0.190722
0.201031
0.231959
0.201031
0.159794
0.211340
0.237113
0.206186
0.159794
0.293814
0.180412
0.242268
0.226804
0.190722
0.237113
0.211340
0.226804
0.206186
0.262887
0.195876
0.216495
0.185567
0.288660
0.185567
0.180412
0.175258
0.257732
0.175258
0.252577
0.247423
0.175258
0.201031
0.170103
0.216495
0.283505
0.170103
0.216495
0.211340
0.185567
0.195876
0.195876
0.252577
0.185567
0.195876
0.298969
0.252577
0.262887
0.216495
0.185567
0.206186
0.242268
0.237113
0.216495
0.206186
0.154639
0.206186
0.226804
0.185567
0.247423
0.149485
0.170103
0.278351
0.195876
0.190722
0.170103
0.164948
0.221649
0.195876
0.185567
0.164948
0.298969
0.180412
0.257732
0.190722
0.221649
0.164948
0.237113
0.257732
0.304124
0.180412
0.201031
0.201031
0.164948
0.190722
0.221649
0.226804
0.231959
0.201031
0.237113
0.195876
0.283505
0.226804
0.211340
0.149485
0.216495
0.180412
0.175258
0.226804
0.211340
0.247423
0.206186
0.175258
0.216495
0.201031
0.221649
0.309278
0.164948
0.175258
0.247423
0.159794
0.180412
0.268041
0.180412
0.190722
0.170103
0.185567
0.201031
0.164948
0.180412
0.262887
0.170103
0.211340
0.262887
0.247423
0.175258
0.195876
0.226804
0.237113
0.185567
0.185567
0.247423
0.237113
0.211340
0.195876
0.190722
0.226804
0.190722
0.164948
0.185567
0.216495
0.216495
0.206186
0.252577
0.180412
0.231959
0.231959
0.180412
0.159794
0.288660
0.268041
0.206186
0.180412
0.185567
0.154639
0.190722
0.164948
0.211340
0.231959
0.175258
0.206186
0.226804
0.190722
0.185567
0.190722
0.252577
0.195876
0.159794
0.273196
0.201031
0.226804
0.164948
0.201031
0.231959
0.257732
0.247423
0.216495
0.164948
0.206186
0.257732
0.190722
0.231959
0.180412
0.226804
0.170103
0.175258
0.221649
0.170103
0.175258
0.175258
0.195876
0.226804
0.226804
0.268041
0.180412
0.149485
0.252577
0.201031
0.159794
0.159794
0.164948
0.273196
0.247423
0.206186
0.268041
0.201031
0.159794
0.175258
0.262887
0.226804
0.262887
0.247423
0.139175
0.268041
0.190722
0.211340
0.242268
0.175258
0.226804
0.221649
0.216495
0.231959
0.175258
0.190722
0.159794
0.206186
0.201031
0.195876
0.164948
0.175258
0.211340
0.216495
0.190722
0.221649
0.190722
0.170103
0.170103
0.211340
0.283505
0.242268
0.226804
0.170103
0.175258
0.195876
0.149485
0.226804
0.211340
0.237113
0.195876
0.211340
0.231959
0.257732
0.257732
0.237113
0.335052
0.159794
0.190722
0.242268
0.278351
0.170103
0.185567
0.201031
0.278351
0.257732
0.237113
0.170103
0.324742
0.195876
0.252577
0.175258
0.185567
0.257732
0.175258
0.211340
0.175258
0.180412
0.154639
0.149485
0.164948
0.185567
0.206186
0.154639
0.180412
0.190722
0.185567
0.262887
0.201031
0.257732
0.195876
