0.126437
0.195402
0.189655
0.178161
0.206897
0.166667
0.166667
0.206897
0.172414
0.178161
0.178161
0.166667
0.155172
0.160920
0.160920
0.160920
0.172414
0.143678
0.178161
0.132184
0.218391
0.201149
0.155172
0.155172
0.183908
0.172414
0.166667
0.149425
0.172414
0.166667
0.160920
0.149425
0.143678
0.166667
0.218391
0.178161
0.201149
0.160920
0.183908
0.160920
0.178161
0.149425
0.189655
0.143678
0.178161
0.189655
0.155172
0.189655
0.183908
0.201149
0.160920
0.166667
0.172414
0.178161
0.149425
0.195402
0.178161
0.178161
0.149425
0.183908
0.206897
0.218391
0.143678
0.160920
0.172414
0.178161
0.195402
0.155172
0.166667
0.172414
0.183908
0.172414
0.155172
0.172414
0.201149
0.178161
0.195402
0.183908
0.166667
0.183908
0.132184
0.172414
0.218391
0.178161
0.160920
0.172414
0.143678
0.183908
0.195402
0.149425
0.149425
0.183908
0.201149
0.183908
0.166667
0.183908
0.206897
0.120690
0.178161
0.149425
0.155172
0.195402
0.155172
0.201149
0.166667
0.166667
0.183908
0.143678
0.178161
0.172414
0.126437
0.178161
0.160920
0.155172
0.183908
0.212644
0.143678
0.178161
0.178161
0.178161
0.137931
0.155172
0.178161
0.189655
0.149425
0.137931
0.189655
0.172414
0.178161
0.172414
0.218391
0.206897
0.189655
0.155172
0.212644
0.143678
0.183908
0.160920
0.189655
0.201149
0.172414
0.201149
0.206897
0.229885
0.149425
0.160920
0.143678
0.178161
0.189655
0.178161
0.160920
0.166667
0.206897
0.149425
0.137931
0.172414
0.166667
0.178161
0.183908
0.206897
0.333333
0.224138
0.137931
0.218391
0.189655
0.172414
0.143678
0.178161
0.195402
0.178161
0.178161
0.195402
0.229885
0.155172
0.183908
0.178161
0.149425
0.183908
0.189655
0.206897
0.195402
0.206897
0.201149
0.166667
0.166667
0.178161
0.172414
0.160920
0.206897
0.172414
0.143678
0.172414
0.189655
0.195402
0.189655
0.178161
0.166667
0.218391
0.172414
0.183908
0.206897
0.178161
0.183908
0.178161
0.316092
0.166667
0.183908
0.206897
0.143678
0.166667
0.143678
0.195402
0.160920
0.189655
0.160920
0.327586
0.166667
0.178161
0.166667
0.172414
0.183908
0.195402
0.189655
0.160920
0.201149
0.160920
0.218391
0.195402
0.143678
0.178161
0.172414
0.149425
0.132184
0.166667
0.183908
0.160920
0.160920
0.160920
0.172414
0.137931
0.195402
0.195402
0.160920
0.178161
0.160920
0.178161
0.172414
0.183908
0.183908
0.166667
0.178161
0.172414
0.155172
0.178161
0.212644
0.206897
0.178161
0.155172
0.183908
0.270115
0.183908
0.120690
0.143678
0.160920
0.178161
0.172414
0.189655
0.172414
0.172414
0.172414
0.327586
0.195402
0.212644
0.160920
0.160920
0.183908
0.189655
0.155172
0.212644
0.189655
0.183908
0.143678
0.160920
0.189655
0.155172
0.201149
0.149425
0.172414
0.137931
0.137931
0.189655
0.172414
0.183908
0.149425
0.218391
0.183908
0.137931
0.178161
0.178161
0.201149
