0.178161
0.172414
0.132184
0.149425
0.160920
0.183908
0.183908
0.235632
0.189655
0.183908
0.166667
0.149425
0.212644
0.166667
0.195402
0.195402
0.183908
0.160920
0.172414
0.166667
0.143678
0.172414
0.172414
0.189655
0.178161
0.189655
0.172414
0.252874
0.189655
0.172414
0.172414
0.218391
0.241379
0.195402
0.172414
0.229885
0.149425
0.137931
0.224138
0.178161
0.166667
0.189655
0.212644
0.201149
0.155172
0.172414
0.195402
0.166667
0.195402
0.149425
0.160920
0.183908
0.143678
0.149425
0.178161
0.218391
0.229885
0.189655
0.195402
0.183908
0.206897
0.178161
0.218391
0.218391
0.247126
0.155172
0.201149
0.160920
0.224138
0.178161
0.224138
0.166667
0.155172
0.212644
0.189655
0.166667
0.183908
0.166667
0.172414
0.137931
0.241379
0.195402
0.241379
0.206897
0.218391
0.218391
0.166667
0.218391
0.212644
0.201149
0.195402
0.143678
0.166667
0.183908
0.160920
0.247126
0.195402
0.172414
0.137931
0.178161
0.160920
0.155172
0.178161
0.155172
0.178161
0.155172
0.212644
0.201149
0.172414
0.143678
0.195402
0.137931
0.149425
0.206897
0.218391
0.183908
0.160920
0.183908
0.166667
0.212644
0.178161
0.183908
0.224138
0.149425
0.155172
0.166667
0.201149
0.149425
0.189655
0.172414
0.166667
0.160920
0.149425
0.235632
0.160920
0.155172
0.212644
0.183908
0.206897
0.178161
0.212644
0.218391
0.183908
0.149425
0.183908
0.172414
0.235632
0.195402
0.189655
0.195402
0.189655
0.189655
0.258621
0.183908
0.132184
0.149425
0.218391
0.201149
0.149425
0.189655
0.229885
0.172414
0.155172
0.166667
0.195402
0.178161
0.172414
0.149425
0.172414
0.160920
0.287356
0.178161
0.229885
0.172414
0.201149
0.201149
0.235632
0.212644
0.183908
0.206897
0.166667
0.172414
0.178161
0.183908
0.137931
0.218391
0.155172
0.218391
0.201149
0.149425
0.172414
0.137931
0.155172
0.155172
0.172414
0.160920
0.218391
0.166667
0.137931
0.327586
0.206897
0.172414
0.178161
0.160920
0.149425
0.172414
0.172414
0.224138
0.155172
0.212644
0.201149
0.166667
0.206897
0.206897
0.178161
0.183908
0.143678
0.183908
0.247126
0.183908
0.178161
0.178161
0.178161
0.206897
0.189655
0.172414
0.143678
0.172414
0.224138
0.166667
0.172414
0.224138
0.155172
0.178161
0.247126
0.178161
0.132184
0.149425
0.201149
0.212644
0.195402
0.218391
0.212644
0.149425
0.143678
0.201149
0.183908
0.143678
0.178161
0.183908
0.178161
0.166667
0.183908
0.183908
0.166667
0.183908
0.166667
0.155172
0.201149
0.149425
0.172414
0.178161
0.178161
0.183908
0.143678
0.172414
0.160920
0.149425
0.178161
0.160920
0.172414
0.172414
0.172414
0.149425
0.195402
0.218391
0.206897
0.155172
0.206897
0.155172
0.178161
0.183908
0.166667
0.178161
0.212644
0.178161
0.155172
0.218391
0.160920
0.218391
0.166667
0.178161
0.195402
0.132184
0.172414
0.178161
0.189655
0.195402
0.183908
0.172414
