0.221649
0.185567
0.128866
0.139175
0.154639
0.164948
0.144330
0.175258
0.190722
0.149485
0.175258
0.175258
0.134021
0.139175
0.134021
0.180412
0.175258
0.149485
0.170103
0.159794
0.139175
0.164948
0.149485
0.180412
0.164948
0.164948
0.206186
0.185567
0.175258
0.134021
0.144330
0.247423
0.154639
0.159794
0.154639
0.180412
0.221649
0.185567
0.144330
0.149485
0.128866
0.159794
0.118557
0.144330
0.154639
0.149485
0.164948
0.159794
0.118557
0.247423
0.201031
0.175258
0.170103
0.128866
0.180412
0.201031
0.149485
0.149485
0.195876
0.159794
0.164948
0.175258
0.134021
0.154639
0.154639
0.154639
0.149485
0.164948
0.180412
0.185567
0.134021
0.164948
0.154639
0.159794
0.170103
0.164948
0.164948
0.180412
0.154639
0.154639
0.159794
0.195876
0.134021
0.149485
0.185567
0.252577
0.159794
0.180412
0.154639
0.190722
0.144330
0.170103
0.170103
0.190722
0.123711
0.154639
0.185567
0.159794
0.216495
0.149485
0.154639
0.144330
0.195876
0.257732
0.149485
0.164948
0.175258
0.175258
0.128866
0.185567
0.164948
0.149485
0.139175
0.164948
0.154639
0.175258
0.139175
0.154639
0.175258
0.154639
0.134021
0.128866
0.216495
0.195876
0.134021
0.164948
0.154639
0.175258
0.180412
0.175258
0.144330
0.268041
0.159794
0.144330
0.159794
0.123711
0.164948
0.144330
0.190722
0.226804
0.170103
0.180412
0.175258
0.159794
0.206186
0.149485
0.164948
0.139175
0.154639
0.216495
0.154639
0.180412
0.190722
0.170103
0.195876
0.185567
0.134021
0.144330
0.211340
0.134021
0.175258
0.159794
0.144330
0.154639
0.144330
0.185567
0.144330
0.139175
0.164948
0.175258
0.144330
0.159794
0.231959
0.206186
0.144330
0.144330
0.185567
0.149485
0.216495
0.180412
0.175258
0.164948
0.175258
0.159794
0.149485
0.180412
0.128866
0.201031
0.159794
0.180412
0.139175
0.175258
0.159794
0.175258
0.159794
0.144330
0.154639
0.175258
0.149485
0.180412
0.154639
0.180412
0.190722
0.221649
0.164948
0.164948
0.170103
0.206186
0.154639
0.154639
0.164948
0.170103
0.139175
0.185567
0.154639
0.195876
0.123711
0.159794
0.128866
0.211340
0.247423
0.154639
0.134021
0.159794
0.123711
0.175258
0.149485
0.134021
0.180412
0.164948
0.201031
0.278351
0.159794
0.180412
0.231959
0.164948
0.134021
0.242268
0.139175
0.134021
0.149485
0.170103
0.190722
0.159794
0.154639
0.154639
0.170103
0.170103
0.180412
0.154639
0.159794
0.154639
0.164948
0.159794
0.211340
0.149485
0.139175
0.170103
0.206186
0.170103
0.139175
0.128866
0.149485
0.180412
0.154639
0.154639
0.164948
0.201031
0.154639
0.185567
0.154639
0.154639
0.211340
0.164948
0.216495
0.159794
0.185567
0.185567
0.164948
0.164948
0.175258
0.134021
0.154639
0.190722
0.149485
0.144330
0.139175
0.139175
0.201031
0.211340
0.144330
0.164948
0.159794
0.185567
0.180412
0.164948
0.149485
0.139175
0.164948
0.159794
