0.178161
0.827586
0.166667
0.591954
0.643678
0.666667
0.459770
0.333333
0.333333
0.333333
0.333333
0.160920
0.333333
0.666667
0.810345
0.666667
0.252874
0.810345
0.666667
0.333333
0.557471
0.804598
0.333333
0.333333
0.160920
0.333333
0.666667
0.333333
0.333333
0.166667
0.252874
0.183908
0.166667
0.224138
0.787356
0.333333
0.178161
0.172414
0.201149
0.195402
0.166667
0.385057
0.712644
0.362069
0.781609
0.333333
0.666667
0.333333
0.333333
0.201149
0.172414
0.160920
0.172414
0.189655
0.137931
0.500000
0.183908
0.827586
0.649425
0.333333
0.333333
0.482759
0.333333
0.224138
0.413793
0.201149
0.666667
0.844828
0.333333
0.333333
0.149425
0.201149
0.643678
0.155172
0.270115
0.333333
0.264368
0.183908
0.218391
0.666667
0.333333
0.333333
0.264368
0.666667
0.155172
0.747126
0.333333
0.591954
0.333333
0.333333
0.333333
0.333333
0.149425
0.798851
0.666667
0.160920
0.172414
0.172414
0.178161
0.333333
0.229885
0.666667
0.206897
0.333333
0.172414
0.436782
0.172414
0.666667
0.333333
0.827586
0.528736
0.172414
0.333333
0.218391
0.166667
0.178161
0.333333
0.189655
0.172414
0.212644
0.333333
0.666667
0.666667
0.293103
0.827586
0.166667
0.333333
0.333333
0.666667
0.333333
0.333333
0.666667
0.666667
0.810345
0.143678
0.166667
0.666667
0.333333
0.333333
0.241379
0.333333
0.666667
0.333333
0.793103
0.333333
0.333333
0.333333
0.189655
0.172414
0.333333
0.758621
0.505747
0.195402
0.327586
0.155172
0.333333
0.528736
0.178161
0.189655
0.229885
0.201149
0.155172
0.183908
0.793103
0.333333
0.666667
0.195402
0.666667
0.666667
0.333333
0.333333
0.333333
0.666667
0.155172
0.172414
0.172414
0.275862
0.155172
0.798851
0.333333
0.488506
0.235632
0.189655
0.666667
0.149425
0.160920
0.172414
0.178161
0.183908
0.333333
0.666667
0.821839
0.666667
0.333333
0.321839
0.666667
0.540230
0.839080
0.183908
0.252874
0.206897
0.143678
0.827586
0.666667
0.206897
0.344828
0.333333
0.333333
0.626437
0.333333
0.333333
0.339080
0.500000
0.333333
0.666667
0.166667
0.206897
0.321839
0.310345
0.172414
0.333333
0.666667
0.212644
0.333333
0.500000
0.333333
0.666667
0.166667
0.810345
0.333333
0.666667
0.149425
0.333333
0.166667
0.218391
0.333333
0.333333
0.166667
0.252874
0.201149
0.770115
0.821839
0.333333
0.339080
0.333333
0.178161
0.178161
0.793103
0.166667
0.183908
0.172414
0.660920
0.189655
0.856322
0.454023
0.672414
0.166667
0.580460
0.206897
0.247126
0.218391
0.666667
0.333333
0.810345
0.603448
0.149425
0.195402
0.333333
0.160920
0.166667
0.333333
0.178161
0.333333
0.666667
0.155172
0.189655
0.252874
0.666667
0.327586
0.333333
0.201149
0.166667
0.172414
0.597701
0.189655
0.494253
0.666667
0.201149
0.333333
0.333333
0.333333
0.333333
0.333333
0.333333
0.752874
0.327586
0.327586
0.666667
0.218391
0.465517
