0.178161
0.160920
0.126437
0.212644
0.201149
0.178161
0.189655
0.178161
0.172414
0.206897
0.166667
0.172414
0.183908
0.201149
0.201149
0.172414
0.195402
0.201149
0.224138
0.189655
0.189655
0.189655
0.172414
0.189655
0.178161
0.166667
0.189655
0.212644
0.212644
0.143678
0.178161
0.212644
0.166667
0.212644
0.166667
0.178161
0.218391
0.183908
0.166667
0.206897
0.160920
0.195402
0.212644
0.195402
0.206897
0.160920
0.212644
0.178161
0.155172
0.178161
0.270115
0.160920
0.155172
0.195402
0.166667
0.212644
0.149425
0.189655
0.218391
0.166667
0.172414
0.172414
0.155172
0.172414
0.195402
0.155172
0.155172
0.235632
0.206897
0.206897
0.172414
0.195402
0.229885
0.241379
0.195402
0.201149
0.189655
0.183908
0.155172
0.189655
0.235632
0.206897
0.189655
0.178161
0.160920
0.195402
0.149425
0.166667
0.201149
0.218391
0.160920
0.218391
0.137931
0.206897
0.172414
0.166667
0.178161
0.201149
0.206897
0.166667
0.183908
0.206897
0.143678
0.137931
0.155172
0.195402
0.206897
0.206897
0.172414
0.160920
0.212644
0.201149
0.195402
0.143678
0.183908
0.206897
0.189655
0.149425
0.247126
0.178161
0.166667
0.166667
0.160920
0.183908
0.195402
0.206897
0.166667
0.155172
0.206897
0.183908
0.172414
0.149425
0.183908
0.229885
0.143678
0.166667
0.201149
0.160920
0.224138
0.224138
0.218391
0.183908
0.183908
0.235632
0.155172
0.183908
0.201149
0.172414
0.195402
0.195402
0.172414
0.195402
0.201149
0.189655
0.183908
0.212644
0.206897
0.195402
0.206897
0.183908
0.201149
0.143678
0.218391
0.137931
0.160920
0.189655
0.189655
0.195402
0.166667
0.212644
0.206897
0.160920
0.183908
0.195402
0.206897
0.172414
0.132184
0.172414
0.172414
0.160920
0.218391
0.206897
0.178161
0.155172
0.189655
0.206897
0.235632
0.212644
0.178161
0.189655
0.178161
0.172414
0.235632
0.160920
0.189655
0.155172
0.172414
0.189655
0.206897
0.183908
0.172414
0.172414
0.172414
0.218391
0.178161
0.178161
0.143678
0.189655
0.160920
0.218391
0.178161
0.195402
0.166667
0.206897
0.229885
0.160920
0.155172
0.264368
0.166667
0.183908
0.172414
0.218391
0.149425
0.241379
0.160920
0.189655
0.178161
0.160920
0.155172
0.189655
0.183908
0.189655
0.235632
0.212644
0.189655
0.178161
0.160920
0.166667
0.166667
0.247126
0.201149
0.178161
0.143678
0.201149
0.149425
0.178161
0.172414
0.195402
0.178161
0.172414
0.155172
0.201149
0.195402
0.155172
0.143678
0.189655
0.166667
0.155172
0.189655
0.143678
0.270115
0.183908
0.206897
0.155172
0.137931
0.229885
0.189655
0.178161
0.178161
0.201149
0.166667
0.143678
0.212644
0.137931
0.183908
0.218391
0.281609
0.189655
0.149425
0.212644
0.137931
0.195402
0.160920
0.229885
0.212644
0.212644
0.189655
0.206897
0.206897
0.172414
0.155172
0.183908
0.206897
0.160920
0.189655
0.183908
0.201149
0.160920
0.189655
0.178161
