0.440299
0.283582
0.805970
0.164179
0.208955
0.208955
0.179104
0.388060
0.194030
0.462687
0.231343
0.350746
0.320896
0.179104
0.276119
0.186567
0.231343
0.335821
0.380597
0.194030
0.156716
0.156716
0.313433
0.485075
0.343284
0.164179
0.656716
0.701493
0.283582
0.522388
0.194030
0.462687
0.305970
0.194030
0.164179
0.164179
0.208955
0.238806
0.179104
0.231343
0.231343
0.149254
0.559701
0.753731
0.350746
0.179104
0.492537
0.671642
0.410448
0.380597
0.194030
0.470149
0.373134
0.149254
0.455224
0.216418
0.507463
0.664179
0.820896
0.410448
0.208955
0.171642
0.529851
0.432836
0.358209
0.141791
0.447761
0.208955
0.731343
0.507463
0.171642
0.201493
0.208955
0.149254
0.514925
0.708955
0.365672
0.805970
0.194030
0.208955
0.156716
0.223881
0.223881
0.208955
0.223881
0.186567
0.201493
0.164179
0.149254
0.179104
0.164179
0.216418
0.171642
0.194030
0.738806
0.343284
0.365672
0.380597
0.261194
0.544776
0.164179
0.186567
0.216418
0.246269
0.201493
0.141791
0.194030
0.186567
0.268657
0.179104
0.171642
0.156716
0.313433
0.201493
0.552239
0.544776
0.365672
0.671642
0.216418
0.320896
0.231343
0.171642
0.126866
0.164179
0.186567
0.141791
0.276119
0.201493
0.208955
0.156716
0.208955
0.179104
0.164179
0.149254
0.694030
0.343284
0.402985
0.358209
0.559701
0.388060
0.171642
0.164179
0.186567
0.216418
0.656716
0.417910
0.738806
0.231343
0.268657
0.350746
0.164179
0.171642
0.164179
0.156716
0.656716
0.544776
0.395522
0.276119
0.619403
0.626866
0.186567
0.171642
0.179104
0.164179
0.201493
0.164179
0.126866
0.126866
0.194030
0.216418
0.134328
0.171642
0.164179
0.126866
0.156716
0.164179
0.179104
0.186567
0.164179
0.208955
0.194030
0.149254
0.208955
0.186567
0.276119
0.156716
0.194030
0.156716
0.194030
0.194030
0.149254
0.179104
0.164179
0.231343
0.843284
0.186567
0.738806
0.373134
0.425373
0.141791
0.201493
0.156716
0.164179
0.194030
0.141791
0.201493
0.261194
0.179104
0.246269
0.164179
0.223881
0.156716
0.179104
0.194030
0.186567
0.179104
0.156716
0.179104
0.171642
0.216418
0.186567
0.194030
0.194030
0.171642
0.179104
0.156716
0.164179
0.179104
0.223881
0.164179
0.156716
0.179104
0.194030
0.335821
0.313433
0.417910
0.619403
0.776119
0.410448
0.664179
0.149254
0.201493
0.171642
0.194030
0.179104
0.134328
0.208955
0.156716
0.156716
0.186567
0.186567
0.179104
0.201493
0.171642
0.149254
0.164179
0.194030
0.253731
0.179104
0.201493
0.261194
0.186567
0.171642
0.171642
0.171642
0.164179
0.216418
0.194030
0.156716
0.253731
0.171642
0.179104
0.216418
0.335821
0.373134
0.432836
0.485075
0.514925
0.216418
0.492537
0.276119
0.171642
0.208955
0.194030
0.171642
0.171642
0.201493
0.186567
0.186567
0.194030
0.186567
0.201493
0.179104
0.194030
0.156716
0.179104
0.186567
0.201493
0.156716
0.171642
