0.335052
0.335052
0.664948
0.335052
0.335052
0.335052
0.664948
0.247423
0.180412
0.664948
0.226804
0.335052
0.175258
0.829897
0.164948
0.319588
0.185567
0.659794
0.164948
0.190722
0.154639
0.149485
0.819588
0.180412
0.494845
0.252577
0.664948
0.335052
0.335052
0.530928
0.180412
0.221649
0.432990
0.664948
0.664948
0.335052
0.170103
0.185567
0.664948
0.804124
0.180412
0.510309
0.134021
0.505155
0.170103
0.541237
0.443299
0.180412
0.144330
0.190722
0.206186
0.164948
0.159794
0.154639
0.618557
0.195876
0.494845
0.695876
0.520619
0.164948
0.664948
0.144330
0.664948
0.159794
0.164948
0.335052
0.391753
0.180412
0.170103
0.309278
0.335052
0.288660
0.180412
0.505155
0.505155
0.335052
0.164948
0.190722
0.664948
0.335052
0.335052
0.664948
0.335052
0.809278
0.139175
0.242268
0.556701
0.247423
0.159794
0.190722
0.494845
0.164948
0.180412
0.190722
0.154639
0.335052
0.190722
0.505155
0.335052
0.149485
0.335052
0.154639
0.505155
0.262887
0.175258
0.396907
0.170103
0.170103
0.149485
0.185567
0.164948
0.603093
0.154639
0.175258
0.180412
0.664948
0.159794
0.180412
0.365979
0.664948
0.175258
0.144330
0.309278
0.335052
0.154639
0.324742
0.335052
0.335052
0.335052
0.175258
0.309278
0.231959
0.149485
0.500000
0.159794
0.159794
0.664948
0.170103
0.664948
0.185567
0.170103
0.298969
0.664948
0.469072
0.180412
0.664948
0.335052
0.164948
0.159794
0.335052
0.180412
0.814433
0.190722
0.664948
0.226804
0.180412
0.335052
0.335052
0.453608
0.164948
0.154639
0.175258
0.175258
0.170103
0.335052
0.175258
0.505155
0.335052
0.159794
0.371134
0.149485
0.396907
0.190722
0.664948
0.159794
0.716495
0.345361
0.159794
0.190722
0.185567
0.664948
0.149485
0.247423
0.396907
0.567010
0.206186
0.335052
0.505155
0.164948
0.185567
0.304124
0.664948
0.216495
0.170103
0.664948
0.154639
0.664948
0.175258
0.664948
0.536082
0.164948
0.335052
0.324742
0.335052
0.164948
0.164948
0.268041
0.335052
0.180412
0.335052
0.664948
0.469072
0.335052
0.505155
0.345361
0.201031
0.154639
0.154639
0.149485
0.664948
0.335052
0.180412
0.154639
0.175258
0.154639
0.175258
0.664948
0.164948
0.335052
0.664948
0.273196
0.247423
0.149485
0.154639
0.443299
0.520619
0.154639
0.664948
0.494845
0.664948
0.695876
0.154639
0.335052
0.185567
0.159794
0.170103
0.170103
0.180412
0.164948
0.335052
0.335052
0.664948
0.335052
0.175258
0.221649
0.164948
0.649485
0.335052
0.335052
0.159794
0.159794
0.159794
0.159794
0.335052
0.170103
0.335052
0.664948
0.190722
0.164948
0.170103
0.618557
0.164948
0.216495
0.664948
0.335052
0.175258
0.324742
0.335052
0.175258
0.139175
0.164948
0.195876
0.840206
0.335052
0.335052
0.335052
0.164948
0.664948
0.262887
0.664948
0.335052
0.335052
0.164948
0.237113
0.335052
0.664948
0.335052
0.417526
0.335052
0.283505
