0.240260
0.279221
0.240260
0.233766
0.214286
0.240260
0.227273
0.201299
0.246753
0.240260
0.253247
0.220779
0.220779
0.298701
0.194805
0.259740
0.155844
0.207792
0.220779
0.201299
0.201299
0.201299
0.181818
0.181818
0.227273
0.201299
0.207792
0.227273
0.259740
0.188312
0.201299
0.253247
0.240260
0.305195
0.227273
0.298701
0.181818
0.201299
0.246753
0.181818
0.220779
0.155844
0.240260
0.162338
0.194805
0.253247
0.259740
0.201299
0.201299
0.162338
0.207792
0.233766
0.181818
0.214286
0.259740
0.201299
0.188312
0.194805
0.227273
0.181818
0.259740
0.285714
0.220779
0.181818
0.253247
0.175325
0.181818
0.201299
0.227273
0.129870
0.188312
0.207792
0.181818
0.136364
0.207792
0.201299
0.201299
0.246753
0.279221
0.207792
0.175325
0.201299
0.194805
0.207792
0.168831
0.181818
0.246753
0.175325
0.214286
0.201299
0.227273
0.266234
0.188312
0.227273
0.220779
0.266234
0.233766
0.214286
0.220779
0.240260
0.220779
0.201299
0.162338
0.214286
0.168831
0.201299
0.136364
0.220779
0.181818
0.253247
0.233766
0.220779
0.136364
0.214286
0.142857
0.214286
0.175325
0.188312
0.181818
0.207792
0.305195
0.188312
0.181818
0.168831
0.188312
0.240260
0.168831
0.175325
0.201299
0.181818
0.201299
0.272727
0.227273
0.233766
0.181818
0.201299
0.259740
0.207792
0.240260
0.175325
0.246753
0.175325
0.194805
0.175325
0.253247
0.194805
0.175325
0.162338
0.266234
0.207792
0.188312
0.207792
0.259740
0.246753
0.207792
0.214286
0.246753
0.207792
0.220779
0.181818
0.188312
0.188312
0.266234
0.188312
0.292208
0.214286
0.155844
0.175325
0.292208
0.214286
0.188312
0.168831
0.168831
0.201299
0.220779
0.188312
0.253247
0.246753
0.207792
0.272727
0.162338
0.201299
0.259740
0.188312
0.285714
0.227273
0.220779
0.259740
0.279221
0.168831
0.214286
0.233766
0.149351
0.188312
0.318182
0.220779
0.201299
0.227273
0.220779
0.181818
0.201299
0.246753
0.220779
0.181818
0.227273
0.194805
0.175325
0.207792
0.220779
0.168831
0.175325
0.227273
0.214286
0.194805
0.227273
0.188312
0.220779
0.246753
0.201299
0.194805
0.194805
0.253247
0.188312
0.253247
0.207792
0.259740
0.194805
0.201299
0.188312
0.194805
0.253247
0.181818
0.207792
0.207792
0.168831
0.201299
0.194805
0.194805
0.214286
0.181818
0.311688
0.175325
0.220779
0.214286
0.194805
0.266234
0.246753
0.181818
0.207792
0.220779
0.227273
0.188312
0.240260
0.188312
0.207792
0.181818
0.220779
0.214286
0.272727
0.233766
0.214286
0.266234
0.259740
0.201299
0.227273
0.279221
0.194805
0.194805
0.201299
0.227273
0.188312
0.279221
0.214286
0.220779
0.194805
0.220779
0.188312
0.227273
0.168831
0.227273
0.233766
0.201299
0.155844
0.337662
0.214286
0.201299
0.253247
0.168831
0.279221
0.240260
0.220779
0.220779
0.227273
0.201299
0.233766
0.188312
0.181818
0.220779
0.201299
0.272727
