0.208955
0.149254
0.208955
0.231343
0.238806
0.201493
0.186567
0.186567
0.186567
0.179104
0.156716
0.223881
0.223881
0.223881
0.179104
0.231343
0.238806
0.223881
0.238806
0.238806
0.231343
0.208955
0.216418
0.253731
0.253731
0.238806
0.194030
0.179104
0.231343
0.208955
0.186567
0.246269
0.253731
0.194030
0.216418
0.186567
0.216418
0.268657
0.253731
0.156716
0.246269
0.201493
0.164179
0.216418
0.194030
0.201493
0.171642
0.268657
0.171642
0.238806
0.208955
0.164179
0.201493
0.186567
0.201493
0.231343
0.231343
0.238806
0.253731
0.164179
0.216418
0.216418
0.164179
0.268657
0.238806
0.201493
0.253731
0.179104
0.156716
0.171642
0.208955
0.164179
0.201493
0.246269
0.171642
0.164179
0.186567
0.201493
0.194030
0.171642
0.208955
0.253731
0.179104
0.223881
0.141791
0.149254
0.186567
0.186567
0.186567
0.216418
0.156716
0.208955
0.208955
0.223881
0.134328
0.231343
0.171642
0.201493
0.194030
0.201493
0.194030
0.208955
0.186567
0.238806
0.186567
0.179104
0.186567
0.194030
0.208955
0.194030
0.253731
0.164179
0.238806
0.179104
0.194030
0.216418
0.223881
0.164179
0.201493
0.291045
0.216418
0.216418
0.171642
0.208955
0.186567
0.194030
0.164179
0.261194
0.216418
0.186567
0.171642
0.171642
0.201493
0.179104
0.216418
0.171642
0.186567
0.208955
0.171642
0.201493
0.194030
0.179104
0.261194
0.216418
0.194030
0.238806
0.179104
0.194030
0.246269
0.261194
0.208955
0.208955
0.231343
0.238806
0.186567
0.223881
0.231343
0.171642
0.246269
0.231343
0.179104
0.179104
0.179104
0.194030
0.194030
0.179104
0.194030
0.216418
0.208955
0.208955
0.201493
0.223881
0.238806
0.179104
0.186567
0.141791
0.179104
0.238806
0.194030
0.156716
0.216418
0.223881
0.216418
0.201493
0.141791
0.171642
0.141791
0.186567
0.216418
0.216418
0.253731
0.216418
0.246269
0.216418
0.231343
0.186567
0.231343
0.216418
0.216418
0.179104
0.126866
0.223881
0.194030
0.208955
0.149254
0.201493
0.179104
0.246269
0.208955
0.179104
0.194030
0.238806
0.194030
0.283582
0.201493
0.216418
0.216418
0.186567
0.208955
0.194030
0.201493
0.171642
0.223881
0.186567
0.231343
0.186567
0.156716
0.171642
0.179104
0.231343
0.156716
0.179104
0.156716
0.156716
0.186567
0.164179
0.223881
0.194030
0.194030
0.231343
0.201493
0.186567
0.223881
0.238806
0.194030
0.194030
0.164179
0.216418
0.194030
0.194030
0.216418
0.208955
0.194030
0.201493
0.149254
0.208955
0.276119
0.194030
0.216418
0.253731
0.186567
0.246269
0.164179
0.186567
0.194030
0.201493
0.171642
0.164179
0.194030
0.149254
0.186567
0.223881
0.261194
0.201493
0.201493
0.208955
0.231343
0.268657
0.179104
0.194030
0.261194
0.216418
0.164179
0.201493
0.186567
0.216418
0.179104
0.283582
0.201493
0.179104
0.253731
0.201493
0.253731
0.186567
0.231343
0.216418
0.201493
0.156716
0.186567
0.156716
