0.160920
0.183908
0.201149
0.235632
0.229885
0.201149
0.172414
0.212644
0.224138
0.201149
0.166667
0.206897
0.218391
0.206897
0.218391
0.195402
0.189655
0.218391
0.195402
0.195402
0.229885
0.247126
0.195402
0.252874
0.172414
0.155172
0.201149
0.235632
0.212644
0.183908
0.160920
0.212644
0.195402
0.195402
0.201149
0.241379
0.241379
0.195402
0.201149
0.247126
0.172414
0.218391
0.247126
0.212644
0.224138
0.172414
0.224138
0.178161
0.137931
0.149425
0.316092
0.178161
0.178161
0.212644
0.189655
0.189655
0.229885
0.235632
0.281609
0.178161
0.178161
0.195402
0.206897
0.201149
0.229885
0.195402
0.166667
0.252874
0.218391
0.224138
0.183908
0.206897
0.252874
0.247126
0.201149
0.206897
0.195402
0.212644
0.172414
0.172414
0.281609
0.218391
0.201149
0.229885
0.183908
0.212644
0.206897
0.178161
0.229885
0.235632
0.201149
0.206897
0.166667
0.218391
0.195402
0.195402
0.178161
0.224138
0.241379
0.229885
0.183908
0.229885
0.172414
0.189655
0.206897
0.195402
0.258621
0.218391
0.206897
0.189655
0.201149
0.252874
0.235632
0.172414
0.195402
0.212644
0.212644
0.178161
0.241379
0.178161
0.212644
0.212644
0.183908
0.229885
0.218391
0.235632
0.160920
0.183908
0.235632
0.229885
0.178161
0.178161
0.172414
0.241379
0.160920
0.149425
0.270115
0.183908
0.252874
0.224138
0.275862
0.183908
0.218391
0.235632
0.172414
0.258621
0.201149
0.195402
0.195402
0.247126
0.201149
0.224138
0.218391
0.183908
0.201149
0.229885
0.201149
0.206897
0.218391
0.218391
0.206897
0.172414
0.229885
0.172414
0.172414
0.206897
0.195402
0.206897
0.160920
0.218391
0.218391
0.206897
0.172414
0.212644
0.252874
0.212644
0.172414
0.178161
0.224138
0.189655
0.252874
0.212644
0.195402
0.172414
0.241379
0.201149
0.229885
0.218391
0.212644
0.178161
0.201149
0.206897
0.270115
0.224138
0.212644
0.189655
0.178161
0.201149
0.247126
0.247126
0.172414
0.195402
0.189655
0.218391
0.195402
0.189655
0.183908
0.195402
0.206897
0.189655
0.275862
0.189655
0.166667
0.235632
0.252874
0.201149
0.172414
0.316092
0.149425
0.224138
0.212644
0.201149
0.183908
0.270115
0.212644
0.183908
0.218391
0.178161
0.183908
0.178161
0.224138
0.201149
0.235632
0.178161
0.252874
0.224138
0.172414
0.201149
0.172414
0.264368
0.201149
0.178161
0.183908
0.258621
0.189655
0.189655
0.201149
0.195402
0.212644
0.172414
0.195402
0.235632
0.206897
0.212644
0.160920
0.206897
0.189655
0.178161
0.212644
0.201149
0.304598
0.172414
0.218391
0.224138
0.195402
0.247126
0.201149
0.206897
0.201149
0.252874
0.178161
0.172414
0.195402
0.172414
0.206897
0.270115
0.310345
0.241379
0.172414
0.201149
0.218391
0.218391
0.218391
0.264368
0.258621
0.247126
0.241379
0.189655
0.229885
0.212644
0.183908
0.218391
0.224138
0.172414
0.178161
0.224138
0.195402
0.252874
0.264368
0.195402
