0.206186
0.201031
0.175258
0.201031
0.201031
0.170103
0.237113
0.195876
0.216495
0.242268
0.190722
0.237113
0.195876
0.304124
0.211340
0.195876
0.340206
0.154639
0.262887
0.221649
0.268041
0.262887
0.201031
0.257732
0.288660
0.201031
0.201031
0.231959
0.293814
0.231959
0.231959
0.237113
0.262887
0.257732
0.273196
0.185567
0.216495
0.216495
0.175258
0.190722
0.221649
0.283505
0.180412
0.283505
0.221649
0.201031
0.231959
0.252577
0.170103
0.211340
0.211340
0.190722
0.164948
0.195876
0.288660
0.206186
0.206186
0.206186
0.278351
0.211340
0.231959
0.211340
0.242268
0.211340
0.293814
0.195876
0.211340
0.226804
0.268041
0.180412
0.247423
0.170103
0.226804
0.226804
0.190722
0.211340
0.190722
0.262887
0.164948
0.216495
0.164948
0.231959
0.242268
0.314433
0.268041
0.216495
0.211340
0.257732
0.201031
0.221649
0.268041
0.195876
0.221649
0.206186
0.195876
0.298969
0.195876
0.185567
0.262887
0.211340
0.237113
0.195876
0.190722
0.335052
0.231959
0.273196
0.257732
0.288660
0.164948
0.216495
0.283505
0.206186
0.180412
0.247423
0.185567
0.185567
0.164948
0.170103
0.216495
0.206186
0.211340
0.216495
0.211340
0.195876
0.226804
0.185567
0.195876
0.211340
0.175258
0.211340
0.206186
0.242268
0.190722
0.185567
0.211340
0.268041
0.195876
0.288660
0.170103
0.242268
0.273196
0.201031
0.283505
0.190722
0.237113
0.304124
0.206186
0.221649
0.273196
0.257732
0.262887
0.247423
0.278351
0.242268
0.201031
0.211340
0.221649
0.164948
0.231959
0.237113
0.314433
0.247423
0.195876
0.247423
0.242268
0.180412
0.221649
0.164948
0.216495
0.185567
0.273196
0.242268
0.190722
0.190722
0.273196
0.201031
0.309278
0.242268
0.231959
0.180412
0.164948
0.216495
0.237113
0.237113
0.216495
0.278351
0.206186
0.216495
0.164948
0.211340
0.195876
0.278351
0.242268
0.211340
0.201031
0.216495
0.190722
0.170103
0.247423
0.206186
0.211340
0.139175
0.242268
0.195876
0.201031
0.206186
0.195876
0.185567
0.231959
0.231959
0.262887
0.164948
0.221649
0.134021
0.257732
0.195876
0.216495
0.206186
0.247423
0.175258
0.278351
0.185567
0.288660
0.211340
0.247423
0.190722
0.252577
0.247423
0.288660
0.195876
0.190722
0.201031
0.190722
0.206186
0.283505
0.293814
0.159794
0.231959
0.221649
0.293814
0.159794
0.185567
0.185567
0.273196
0.216495
0.185567
0.211340
0.237113
0.237113
0.257732
0.164948
0.175258
0.278351
0.195876
0.211340
0.206186
0.257732
0.206186
0.242268
0.283505
0.293814
0.309278
0.195876
0.190722
0.190722
0.237113
0.242268
0.226804
0.278351
0.242268
0.206186
0.226804
0.175258
0.221649
0.170103
0.206186
0.324742
0.175258
0.180412
0.216495
0.211340
0.221649
0.298969
0.221649
0.175258
0.170103
0.190722
0.180412
0.242268
0.252577
0.257732
0.231959
0.262887
0.231959
0.247423
0.195876
0.257732
0.247423
0.231959
0.268041
