0.216495
0.154639
0.164948
0.175258
0.211340
0.201031
0.154639
0.170103
0.201031
0.170103
0.216495
0.149485
0.134021
0.190722
0.154639
0.211340
0.226804
0.144330
0.170103
0.175258
0.159794
0.175258
0.170103
0.175258
0.170103
0.159794
0.170103
0.170103
0.180412
0.144330
0.159794
0.185567
0.185567
0.175258
0.206186
0.211340
0.195876
0.201031
0.247423
0.149485
0.195876
0.149485
0.134021
0.195876
0.154639
0.164948
0.190722
0.206186
0.226804
0.175258
0.164948
0.170103
0.195876
0.170103
0.221649
0.164948
0.164948
0.164948
0.170103
0.190722
0.195876
0.180412
0.211340
0.144330
0.170103
0.190722
0.170103
0.175258
0.159794
0.154639
0.175258
0.170103
0.170103
0.180412
0.159794
0.201031
0.201031
0.159794
0.237113
0.170103
0.206186
0.185567
0.185567
0.226804
0.154639
0.164948
0.164948
0.185567
0.164948
0.154639
0.159794
0.190722
0.164948
0.164948
0.144330
0.170103
0.159794
0.164948
0.170103
0.180412
0.154639
0.159794
0.154639
0.159794
0.149485
0.144330
0.154639
0.170103
0.180412
0.180412
0.237113
0.164948
0.164948
0.164948
0.170103
0.175258
0.175258
0.185567
0.170103
0.242268
0.175258
0.134021
0.185567
0.159794
0.128866
0.175258
0.149485
0.175258
0.206186
0.175258
0.159794
0.237113
0.211340
0.185567
0.190722
0.159794
0.144330
0.211340
0.216495
0.190722
0.170103
0.144330
0.149485
0.154639
0.180412
0.180412
0.226804
0.201031
0.180412
0.175258
0.180412
0.139175
0.201031
0.211340
0.139175
0.180412
0.134021
0.154639
0.206186
0.190722
0.154639
0.159794
0.175258
0.201031
0.164948
0.175258
0.154639
0.231959
0.185567
0.216495
0.154639
0.175258
0.201031
0.237113
0.154639
0.139175
0.190722
0.180412
0.190722
0.185567
0.170103
0.154639
0.175258
0.159794
0.195876
0.154639
0.226804
0.190722
0.175258
0.180412
0.180412
0.180412
0.139175
0.180412
0.195876
0.170103
0.201031
0.134021
0.175258
0.201031
0.154639
0.206186
0.180412
0.226804
0.180412
0.180412
0.211340
0.195876
0.175258
0.190722
0.159794
0.195876
0.190722
0.201031
0.216495
0.190722
0.252577
0.149485
0.211340
0.221649
0.226804
0.221649
0.175258
0.180412
0.144330
0.216495
0.159794
0.195876
0.180412
0.159794
0.159794
0.195876
0.159794
0.195876
0.195876
0.206186
0.201031
0.237113
0.195876
0.149485
0.226804
0.185567
0.195876
0.206186
0.201031
0.175258
0.190722
0.170103
0.180412
0.149485
0.170103
0.216495
0.149485
0.216495
0.185567
0.164948
0.216495
0.154639
0.180412
0.211340
0.175258
0.195876
0.206186
0.149485
0.180412
0.180412
0.201031
0.159794
0.175258
0.185567
0.180412
0.170103
0.164948
0.154639
0.128866
0.201031
0.180412
0.175258
0.201031
0.175258
0.175258
0.216495
0.159794
0.159794
0.262887
0.185567
0.206186
0.206186
0.149485
0.190722
0.149485
0.175258
0.134021
0.164948
0.149485
0.092784
0.180412
0.159794
0.206186
0.185567
