0.333333
0.333333
0.333333
0.333333
0.666667
0.149425
0.160920
0.172414
0.172414
0.333333
0.666667
0.477011
0.666667
0.770115
0.793103
0.425287
0.333333
0.333333
0.333333
0.333333
0.143678
0.172414
0.189655
0.666667
0.333333
0.787356
0.333333
0.137931
0.333333
0.333333
0.356322
0.201149
0.333333
0.666667
0.160920
0.666667
0.706897
0.494253
0.431034
0.500000
0.333333
0.666667
0.666667
0.333333
0.333333
0.666667
0.666667
0.160920
0.166667
0.816092
0.172414
0.166667
0.143678
0.149425
0.333333
0.695402
0.500000
0.666667
0.666667
0.586207
0.160920
0.333333
0.500000
0.149425
0.224138
0.160920
0.333333
0.666667
0.183908
0.816092
0.333333
0.143678
0.333333
0.189655
0.333333
0.482759
0.666667
0.666667
0.149425
0.442529
0.839080
0.545977
0.666667
0.155172
0.224138
0.333333
0.333333
0.333333
0.333333
0.333333
0.752874
0.160920
0.333333
0.609195
0.333333
0.166667
0.666667
0.333333
0.155172
0.568966
0.333333
0.114943
0.666667
0.206897
0.304598
0.666667
0.333333
0.172414
0.666667
0.172414
0.195402
0.137931
0.666667
0.189655
0.178161
0.666667
0.333333
0.666667
0.482759
0.160920
0.137931
0.160920
0.666667
0.172414
0.614943
0.166667
0.195402
0.166667
0.178161
0.764368
0.844828
0.333333
0.333333
0.333333
0.666667
0.333333
0.666667
0.143678
0.160920
0.821839
0.166667
0.178161
0.166667
0.206897
0.827586
0.333333
0.333333
0.333333
0.465517
0.189655
0.172414
0.666667
0.137931
0.172414
0.126437
0.333333
0.149425
0.143678
0.183908
0.620690
0.275862
0.132184
0.666667
0.666667
0.666667
0.333333
0.333333
0.218391
0.149425
0.189655
0.333333
0.195402
0.206897
0.172414
0.160920
0.597701
0.500000
0.614943
0.333333
0.333333
0.321839
0.160920
0.166667
0.143678
0.821839
0.666667
0.666667
0.172414
0.333333
0.333333
0.666667
0.660920
0.333333
0.781609
0.666667
0.666667
0.166667
0.149425
0.172414
0.827586
0.511494
0.821839
0.850575
0.632184
0.189655
0.166667
0.166667
0.666667
0.603448
0.522989
0.166667
0.816092
0.333333
0.155172
0.643678
0.132184
0.155172
0.666667
0.172414
0.793103
0.551724
0.333333
0.804598
0.333333
0.183908
0.183908
0.149425
0.666667
0.821839
0.160920
0.166667
0.804598
0.166667
0.632184
0.666667
0.500000
0.333333
0.333333
0.333333
0.333333
0.160920
0.166667
0.178161
0.178161
0.178161
0.666667
0.666667
0.166667
0.333333
0.459770
0.166667
0.660920
0.339080
0.609195
0.666667
0.166667
0.149425
0.172414
0.787356
0.132184
0.666667
0.816092
0.333333
0.160920
0.132184
0.333333
0.666667
0.333333
0.574713
0.833333
0.798851
0.333333
0.333333
0.166667
0.183908
0.666667
0.166667
0.143678
0.666667
0.172414
0.666667
0.333333
0.333333
0.333333
0.666667
0.160920
0.333333
0.160920
0.770115
0.114943
0.155172
0.172414
0.482759
0.528736
0.333333
0.166667
0.166667
0.172414
0.178161
0.143678
