0.178161
0.195402
0.160920
0.195402
0.224138
0.172414
0.189655
0.166667
0.195402
0.195402
0.137931
0.183908
0.195402
0.178161
0.155172
0.172414
0.183908
0.143678
0.241379
0.178161
0.212644
0.143678
0.183908
0.160920
0.143678
0.126437
0.183908
0.247126
0.212644
0.155172
0.160920
0.178161
0.172414
0.172414
0.189655
0.143678
0.206897
0.160920
0.166667
0.189655
0.149425
0.189655
0.218391
0.178161
0.183908
0.189655
0.224138
0.143678
0.166667
0.212644
0.212644
0.149425
0.201149
0.172414
0.178161
0.178161
0.166667
0.183908
0.172414
0.166667
0.189655
0.143678
0.160920
0.149425
0.166667
0.189655
0.149425
0.189655
0.195402
0.247126
0.172414
0.178161
0.178161
0.172414
0.189655
0.189655
0.172414
0.195402
0.160920
0.172414
0.201149
0.183908
0.172414
0.166667
0.178161
0.195402
0.178161
0.155172
0.183908
0.189655
0.149425
0.235632
0.155172
0.206897
0.178161
0.178161
0.172414
0.178161
0.201149
0.166667
0.178161
0.206897
0.126437
0.137931
0.172414
0.149425
0.178161
0.183908
0.172414
0.178161
0.178161
0.189655
0.155172
0.160920
0.189655
0.189655
0.195402
0.143678
0.218391
0.212644
0.178161
0.166667
0.155172
0.132184
0.160920
0.212644
0.166667
0.120690
0.201149
0.172414
0.149425
0.160920
0.201149
0.189655
0.132184
0.166667
0.166667
0.178161
0.195402
0.224138
0.189655
0.172414
0.143678
0.195402
0.143678
0.178161
0.160920
0.172414
0.212644
0.195402
0.160920
0.183908
0.206897
0.178161
0.132184
0.183908
0.229885
0.189655
0.212644
0.143678
0.218391
0.155172
0.195402
0.149425
0.149425
0.218391
0.201149
0.212644
0.178161
0.218391
0.195402
0.206897
0.189655
0.166667
0.195402
0.172414
0.155172
0.206897
0.178161
0.166667
0.183908
0.172414
0.195402
0.166667
0.206897
0.183908
0.178161
0.206897
0.155172
0.178161
0.143678
0.166667
0.178161
0.143678
0.218391
0.183908
0.166667
0.195402
0.183908
0.206897
0.160920
0.183908
0.183908
0.178161
0.183908
0.195402
0.160920
0.218391
0.120690
0.155172
0.137931
0.178161
0.143678
0.229885
0.212644
0.137931
0.183908
0.287356
0.137931
0.160920
0.143678
0.212644
0.172414
0.195402
0.166667
0.172414
0.258621
0.155172
0.149425
0.166667
0.201149
0.178161
0.201149
0.178161
0.201149
0.172414
0.172414
0.160920
0.155172
0.195402
0.143678
0.218391
0.143678
0.160920
0.172414
0.160920
0.206897
0.178161
0.183908
0.189655
0.195402
0.172414
0.149425
0.143678
0.160920
0.143678
0.160920
0.132184
0.149425
0.120690
0.247126
0.172414
0.189655
0.155172
0.143678
0.195402
0.189655
0.137931
0.149425
0.155172
0.137931
0.201149
0.212644
0.160920
0.166667
0.224138
0.264368
0.195402
0.178161
0.195402
0.132184
0.178161
0.206897
0.160920
0.195402
0.258621
0.212644
0.189655
0.206897
0.172414
0.137931
0.183908
0.178161
0.178161
0.155172
0.201149
0.166667
0.155172
0.224138
0.189655
