0.116883
0.142857
0.142857
0.175325
0.194805
0.175325
0.175325
0.188312
0.168831
0.181818
0.214286
0.194805
0.142857
0.149351
0.253247
0.207792
0.103896
0.142857
0.175325
0.214286
0.162338
0.207792
0.175325
0.188312
0.220779
0.155844
0.175325
0.233766
0.181818
0.136364
0.175325
0.194805
0.246753
0.188312
0.162338
0.149351
0.175325
0.214286
0.162338
0.155844
0.201299
0.220779
0.201299
0.188312
0.142857
0.162338
0.214286
0.201299
0.155844
0.207792
0.181818
0.155844
0.162338
0.149351
0.175325
0.181818
0.227273
0.142857
0.175325
0.149351
0.207792
0.227273
0.194805
0.181818
0.175325
0.155844
0.149351
0.240260
0.149351
0.175325
0.181818
0.194805
0.149351
0.168831
0.123377
0.155844
0.272727
0.201299
0.194805
0.168831
0.201299
0.168831
0.155844
0.220779
0.194805
0.207792
0.188312
0.214286
0.149351
0.214286
0.188312
0.194805
0.181818
0.175325
0.181818
0.201299
0.188312
0.194805
0.110390
0.194805
0.188312
0.168831
0.194805
0.181818
0.149351
0.207792
0.188312
0.175325
0.175325
0.207792
0.181818
0.188312
0.220779
0.149351
0.240260
0.181818
0.246753
0.214286
0.188312
0.201299
0.194805
0.227273
0.155844
0.175325
0.214286
0.168831
0.207792
0.188312
0.188312
0.194805
0.175325
0.194805
0.168831
0.168831
0.162338
0.155844
0.214286
0.155844
0.181818
0.175325
0.188312
0.123377
0.175325
0.175325
0.181818
0.220779
0.233766
0.201299
0.116883
0.162338
0.168831
0.188312
0.168831
0.201299
0.188312
0.227273
0.194805
0.175325
0.201299
0.207792
0.188312
0.214286
0.181818
0.201299
0.162338
0.207792
0.188312
0.240260
0.201299
0.155844
0.220779
0.175325
0.220779
0.188312
0.123377
0.116883
0.175325
0.175325
0.175325
0.188312
0.142857
0.214286
0.188312
0.207792
0.201299
0.175325
0.188312
0.188312
0.227273
0.155844
0.168831
0.214286
0.175325
0.175325
0.201299
0.155844
0.162338
0.201299
0.149351
0.201299
0.168831
0.246753
0.168831
0.181818
0.201299
0.194805
0.175325
0.233766
0.240260
0.194805
0.155844
0.149351
0.162338
0.149351
0.162338
0.149351
0.168831
0.194805
0.129870
0.168831
0.168831
0.207792
0.175325
0.214286
0.149351
0.188312
0.142857
0.181818
0.175325
0.188312
0.188312
0.162338
0.194805
0.220779
0.168831
0.207792
0.194805
0.214286
0.194805
0.168831
0.162338
0.194805
0.168831
0.155844
0.194805
0.175325
0.181818
0.181818
0.175325
0.168831
0.188312
0.194805
0.201299
0.162338
0.201299
0.162338
0.181818
0.181818
0.162338
0.201299
0.188312
0.175325
0.214286
0.168831
0.162338
0.149351
0.181818
0.162338
0.155844
0.110390
0.194805
0.155844
0.194805
0.188312
0.175325
0.188312
0.188312
0.194805
0.188312
0.194805
0.175325
0.201299
0.259740
0.175325
0.149351
0.227273
0.129870
0.188312
0.207792
0.181818
0.233766
0.214286
0.155844
0.194805
0.246753
0.188312
0.214286
0.188312
0.188312
0.194805
