0.666667
0.166667
0.183908
0.172414
0.212644
0.195402
0.172414
0.201149
0.517241
0.212644
0.666667
0.706897
0.201149
0.517241
0.201149
0.183908
0.143678
0.465517
0.396552
0.183908
0.471264
0.160920
0.195402
0.189655
0.178161
0.333333
0.189655
0.247126
0.206897
0.132184
0.143678
0.327586
0.155172
0.201149
0.178161
0.137931
0.701149
0.459770
0.189655
0.241379
0.160920
0.252874
0.333333
0.701149
0.195402
0.178161
0.229885
0.172414
0.178161
0.178161
0.178161
0.166667
0.201149
0.178161
0.333333
0.189655
0.172414
0.189655
0.218391
0.160920
0.172414
0.183908
0.126437
0.189655
0.201149
0.206897
0.557471
0.195402
0.189655
0.212644
0.178161
0.183908
0.201149
0.166667
0.189655
0.229885
0.195402
0.367816
0.494253
0.143678
0.183908
0.178161
0.189655
0.206897
0.160920
0.195402
0.166667
0.172414
0.178161
0.344828
0.143678
0.241379
0.143678
0.183908
0.172414
0.155172
0.218391
0.160920
0.189655
0.178161
0.172414
0.206897
0.160920
0.172414
0.195402
0.218391
0.178161
0.172414
0.155172
0.166667
0.189655
0.270115
0.293103
0.603448
0.189655
0.160920
0.212644
0.166667
0.195402
0.206897
0.160920
0.178161
0.206897
0.201149
0.212644
0.201149
0.143678
0.149425
0.212644
0.178161
0.172414
0.149425
0.183908
0.218391
0.281609
0.408046
0.275862
0.178161
0.235632
0.264368
0.212644
0.229885
0.183908
0.235632
0.155172
0.212644
0.183908
0.166667
0.189655
0.218391
0.212644
0.201149
0.172414
0.166667
0.166667
0.218391
0.224138
0.189655
0.183908
0.793103
0.419540
0.137931
0.189655
0.149425
0.155172
0.201149
0.195402
0.195402
0.183908
0.235632
0.218391
0.195402
0.183908
0.172414
0.178161
0.178161
0.178161
0.166667
0.166667
0.178161
0.195402
0.178161
0.178161
0.270115
0.195402
0.183908
0.172414
0.195402
0.166667
0.160920
0.189655
0.172414
0.183908
0.195402
0.183908
0.195402
0.178161
0.183908
0.206897
0.264368
0.160920
0.172414
0.172414
0.218391
0.247126
0.752874
0.367816
0.390805
0.166667
0.183908
0.172414
0.189655
0.143678
0.247126
0.229885
0.155172
0.183908
0.270115
0.178161
0.149425
0.143678
0.183908
0.183908
0.281609
0.218391
0.201149
0.224138
0.137931
0.137931
0.155172
0.321839
0.172414
0.224138
0.195402
0.201149
0.206897
0.201149
0.183908
0.166667
0.201149
0.149425
0.195402
0.178161
0.218391
0.166667
0.201149
0.183908
0.189655
0.178161
0.178161
0.166667
0.241379
0.195402
0.333333
0.511494
0.224138
0.172414
0.109195
0.201149
0.149425
0.241379
0.178161
0.212644
0.172414
0.178161
0.201149
0.195402
0.218391
0.178161
0.166667
0.137931
0.183908
0.195402
0.160920
0.172414
0.201149
0.287356
0.327586
0.603448
0.224138
0.143678
0.206897
0.195402
0.183908
0.229885
0.275862
0.229885
0.189655
0.229885
0.183908
0.143678
0.189655
0.195402
0.178161
0.137931
0.229885
0.183908
0.172414
0.218391
0.166667
