0.195876
0.164948
0.185567
0.175258
0.164948
0.206186
0.226804
0.195876
0.185567
0.206186
0.175258
0.216495
0.211340
0.268041
0.149485
0.221649
0.309278
0.164948
0.190722
0.201031
0.195876
0.262887
0.195876
0.175258
0.278351
0.201031
0.159794
0.175258
0.293814
0.283505
0.206186
0.237113
0.185567
0.278351
0.226804
0.216495
0.185567
0.242268
0.149485
0.180412
0.201031
0.201031
0.164948
0.159794
0.237113
0.185567
0.211340
0.190722
0.190722
0.195876
0.211340
0.195876
0.190722
0.180412
0.257732
0.206186
0.180412
0.139175
0.231959
0.195876
0.164948
0.201031
0.226804
0.247423
0.278351
0.164948
0.216495
0.211340
0.226804
0.185567
0.195876
0.190722
0.237113
0.252577
0.180412
0.180412
0.149485
0.190722
0.206186
0.175258
0.170103
0.242268
0.216495
0.273196
0.180412
0.185567
0.201031
0.268041
0.201031
0.195876
0.237113
0.175258
0.221649
0.170103
0.170103
0.216495
0.159794
0.180412
0.185567
0.185567
0.231959
0.175258
0.195876
0.319588
0.226804
0.195876
0.231959
0.216495
0.180412
0.159794
0.247423
0.195876
0.175258
0.231959
0.159794
0.257732
0.149485
0.190722
0.195876
0.195876
0.206186
0.211340
0.180412
0.201031
0.170103
0.164948
0.190722
0.201031
0.195876
0.206186
0.170103
0.175258
0.237113
0.164948
0.206186
0.257732
0.175258
0.226804
0.195876
0.231959
0.221649
0.175258
0.216495
0.154639
0.185567
0.314433
0.201031
0.262887
0.257732
0.211340
0.252577
0.164948
0.231959
0.190722
0.159794
0.180412
0.185567
0.164948
0.237113
0.252577
0.298969
0.195876
0.180412
0.221649
0.226804
0.201031
0.180412
0.170103
0.216495
0.170103
0.237113
0.180412
0.195876
0.149485
0.190722
0.206186
0.298969
0.175258
0.278351
0.201031
0.175258
0.211340
0.273196
0.180412
0.195876
0.237113
0.221649
0.185567
0.175258
0.185567
0.195876
0.226804
0.231959
0.180412
0.164948
0.237113
0.201031
0.149485
0.180412
0.175258
0.201031
0.211340
0.247423
0.164948
0.247423
0.206186
0.170103
0.190722
0.180412
0.190722
0.257732
0.159794
0.195876
0.134021
0.278351
0.164948
0.180412
0.206186
0.185567
0.170103
0.242268
0.190722
0.175258
0.216495
0.164948
0.195876
0.216495
0.257732
0.170103
0.180412
0.226804
0.170103
0.221649
0.190722
0.278351
0.185567
0.175258
0.170103
0.226804
0.221649
0.206186
0.175258
0.164948
0.216495
0.190722
0.180412
0.195876
0.195876
0.180412
0.211340
0.201031
0.159794
0.262887
0.211340
0.211340
0.180412
0.242268
0.195876
0.195876
0.242268
0.221649
0.304124
0.180412
0.190722
0.144330
0.190722
0.175258
0.185567
0.309278
0.206186
0.195876
0.268041
0.185567
0.190722
0.190722
0.195876
0.288660
0.195876
0.201031
0.159794
0.185567
0.175258
0.185567
0.195876
0.190722
0.164948
0.139175
0.159794
0.206186
0.195876
0.154639
0.185567
0.268041
0.159794
0.170103
0.190722
0.185567
0.216495
0.185567
0.180412
