0.791045
0.664179
0.335821
0.171642
0.664179
0.335821
0.335821
0.335821
0.664179
0.335821
0.820896
0.164179
0.194030
0.179104
0.335821
0.194030
0.783582
0.813433
0.335821
0.194030
0.156716
0.634328
0.335821
0.791045
0.194030
0.335821
0.335821
0.335821
0.335821
0.335821
0.201493
0.335821
0.208955
0.156716
0.186567
0.664179
0.194030
0.179104
0.335821
0.335821
0.813433
0.664179
0.358209
0.179104
0.664179
0.335821
0.559701
0.664179
0.432836
0.335821
0.335821
0.380597
0.201493
0.171642
0.164179
0.171642
0.141791
0.156716
0.186567
0.664179
0.335821
0.335821
0.507463
0.805970
0.664179
0.813433
0.791045
0.335821
0.335821
0.813433
0.179104
0.335821
0.171642
0.186567
0.171642
0.156716
0.171642
0.171642
0.537313
0.335821
0.738806
0.335821
0.171642
0.820896
0.335821
0.111940
0.171642
0.664179
0.335821
0.335821
0.335821
0.179104
0.492537
0.134328
0.141791
0.664179
0.246269
0.201493
0.432836
0.335821
0.164179
0.664179
0.171642
0.171642
0.179104
0.335821
0.686567
0.335821
0.514925
0.335821
0.335821
0.335821
0.261194
0.216418
0.664179
0.328358
0.335821
0.335821
0.164179
0.149254
0.753731
0.664179
0.171642
0.783582
0.186567
0.164179
0.194030
0.723881
0.835821
0.768657
0.335821
0.664179
0.335821
0.171642
0.335821
0.261194
0.149254
0.664179
0.246269
0.156716
0.134328
0.186567
0.335821
0.208955
0.664179
0.335821
0.149254
0.835821
0.335821
0.664179
0.335821
0.335821
0.664179
0.149254
0.179104
0.276119
0.664179
0.664179
0.216418
0.261194
0.335821
0.343284
0.783582
0.664179
0.194030
0.664179
0.208955
0.335821
0.335821
0.179104
0.335821
0.768657
0.335821
0.179104
0.171642
0.186567
0.179104
0.141791
0.149254
0.507463
0.761194
0.828358
0.335821
0.485075
0.664179
0.335821
0.335821
0.238806
0.171642
0.813433
0.507463
0.141791
0.664179
0.805970
0.335821
0.335821
0.179104
0.186567
0.134328
0.171642
0.828358
0.194030
0.298507
0.335821
0.492537
0.141791
0.156716
0.335821
0.156716
0.783582
0.201493
0.492537
0.335821
0.335821
0.335821
0.126866
0.111940
0.335821
0.664179
0.723881
0.186567
0.171642
0.216418
0.141791
0.171642
0.335821
0.156716
0.164179
0.335821
0.664179
0.455224
0.171642
0.335821
0.179104
0.223881
0.805970
0.664179
0.626866
0.164179
0.171642
0.179104
0.156716
0.559701
0.164179
0.664179
0.156716
0.626866
0.776119
0.194030
0.335821
0.141791
0.335821
0.335821
0.410448
0.335821
0.335821
0.149254
0.126866
0.589552
0.335821
0.164179
0.335821
0.335821
0.156716
0.417910
0.432836
0.664179
0.664179
0.335821
0.179104
0.335821
0.149254
0.164179
0.664179
0.126866
0.186567
0.604478
0.335821
0.335821
0.149254
0.179104
0.186567
0.246269
0.828358
0.664179
0.179104
0.208955
0.149254
0.805970
0.335821
0.664179
0.335821
0.179104
0.664179
0.611940
0.335821
0.335821
0.335821
0.664179
0.186567
