0.201149
0.224138
0.160920
0.224138
0.189655
0.247126
0.206897
0.270115
0.201149
0.212644
0.247126
0.212644
0.224138
0.195402
0.229885
0.206897
0.195402
0.189655
0.206897
0.201149
0.178161
0.195402
0.224138
0.218391
0.235632
0.241379
0.235632
0.264368
0.189655
0.206897
0.172414
0.270115
0.258621
0.201149
0.178161
0.201149
0.258621
0.166667
0.218391
0.206897
0.189655
0.247126
0.218391
0.241379
0.178161
0.224138
0.183908
0.172414
0.183908
0.160920
0.224138
0.270115
0.166667
0.206897
0.235632
0.247126
0.264368
0.224138
0.189655
0.183908
0.247126
0.206897
0.287356
0.247126
0.281609
0.201149
0.229885
0.229885
0.258621
0.206897
0.206897
0.229885
0.183908
0.206897
0.183908
0.224138
0.235632
0.206897
0.206897
0.166667
0.247126
0.195402
0.247126
0.229885
0.235632
0.258621
0.224138
0.241379
0.264368
0.224138
0.206897
0.206897
0.235632
0.201149
0.178161
0.281609
0.212644
0.189655
0.195402
0.195402
0.195402
0.189655
0.235632
0.160920
0.212644
0.195402
0.206897
0.229885
0.189655
0.189655
0.195402
0.206897
0.183908
0.270115
0.206897
0.195402
0.183908
0.172414
0.183908
0.235632
0.195402
0.224138
0.252874
0.189655
0.229885
0.189655
0.201149
0.178161
0.235632
0.183908
0.183908
0.189655
0.247126
0.258621
0.166667
0.212644
0.183908
0.166667
0.229885
0.189655
0.252874
0.235632
0.229885
0.160920
0.201149
0.195402
0.252874
0.183908
0.258621
0.212644
0.258621
0.201149
0.281609
0.195402
0.155172
0.166667
0.218391
0.252874
0.160920
0.212644
0.235632
0.206897
0.189655
0.178161
0.270115
0.206897
0.149425
0.218391
0.172414
0.195402
0.293103
0.235632
0.247126
0.201149
0.247126
0.212644
0.229885
0.224138
0.224138
0.229885
0.195402
0.172414
0.178161
0.235632
0.189655
0.247126
0.172414
0.264368
0.189655
0.201149
0.178161
0.143678
0.252874
0.201149
0.275862
0.206897
0.287356
0.172414
0.178161
0.316092
0.218391
0.229885
0.229885
0.206897
0.224138
0.183908
0.149425
0.252874
0.160920
0.229885
0.264368
0.218391
0.241379
0.201149
0.189655
0.229885
0.166667
0.218391
0.195402
0.183908
0.229885
0.183908
0.195402
0.218391
0.195402
0.160920
0.149425
0.195402
0.287356
0.172414
0.212644
0.327586
0.166667
0.195402
0.327586
0.160920
0.160920
0.189655
0.212644
0.229885
0.189655
0.270115
0.224138
0.160920
0.195402
0.241379
0.212644
0.178161
0.224138
0.206897
0.201149
0.224138
0.241379
0.195402
0.172414
0.206897
0.183908
0.201149
0.224138
0.155172
0.241379
0.252874
0.229885
0.178161
0.195402
0.218391
0.212644
0.183908
0.212644
0.252874
0.178161
0.224138
0.235632
0.172414
0.206897
0.195402
0.183908
0.183908
0.229885
0.212644
0.241379
0.258621
0.212644
0.218391
0.258621
0.218391
0.189655
0.229885
0.172414
0.287356
0.189655
0.172414
0.229885
0.235632
0.189655
0.212644
0.195402
0.241379
0.189655
0.178161
