0.162338
0.214286
0.149351
0.207792
0.227273
0.149351
0.175325
0.188312
0.181818
0.175325
0.207792
0.214286
0.194805
0.175325
0.279221
0.279221
0.188312
0.162338
0.175325
0.201299
0.201299
0.253247
0.142857
0.175325
0.240260
0.142857
0.279221
0.259740
0.194805
0.136364
0.201299
0.246753
0.285714
0.233766
0.207792
0.188312
0.194805
0.220779
0.266234
0.181818
0.188312
0.259740
0.246753
0.214286
0.149351
0.194805
0.155844
0.233766
0.181818
0.175325
0.188312
0.175325
0.214286
0.181818
0.220779
0.194805
0.201299
0.181818
0.188312
0.194805
0.168831
0.240260
0.155844
0.246753
0.227273
0.181818
0.168831
0.233766
0.194805
0.194805
0.188312
0.181818
0.149351
0.201299
0.155844
0.181818
0.285714
0.207792
0.214286
0.168831
0.227273
0.201299
0.207792
0.246753
0.227273
0.220779
0.188312
0.214286
0.220779
0.266234
0.181818
0.181818
0.188312
0.220779
0.207792
0.175325
0.220779
0.181818
0.175325
0.220779
0.240260
0.168831
0.214286
0.194805
0.175325
0.168831
0.207792
0.175325
0.207792
0.201299
0.194805
0.240260
0.207792
0.181818
0.272727
0.240260
0.214286
0.220779
0.175325
0.181818
0.188312
0.207792
0.136364
0.181818
0.227273
0.201299
0.227273
0.188312
0.194805
0.188312
0.188312
0.214286
0.188312
0.181818
0.201299
0.214286
0.220779
0.142857
0.259740
0.194805
0.175325
0.123377
0.227273
0.162338
0.175325
0.266234
0.194805
0.194805
0.142857
0.194805
0.175325
0.188312
0.168831
0.194805
0.220779
0.227273
0.194805
0.175325
0.188312
0.181818
0.214286
0.233766
0.240260
0.266234
0.207792
0.194805
0.220779
0.233766
0.188312
0.207792
0.233766
0.220779
0.240260
0.201299
0.162338
0.168831
0.181818
0.181818
0.149351
0.246753
0.201299
0.285714
0.194805
0.188312
0.201299
0.194805
0.207792
0.214286
0.227273
0.155844
0.207792
0.227273
0.181818
0.201299
0.181818
0.207792
0.188312
0.188312
0.162338
0.201299
0.188312
0.246753
0.201299
0.168831
0.240260
0.240260
0.201299
0.233766
0.214286
0.188312
0.194805
0.175325
0.194805
0.188312
0.162338
0.181818
0.162338
0.272727
0.175325
0.181818
0.246753
0.266234
0.181818
0.259740
0.175325
0.240260
0.142857
0.175325
0.188312
0.240260
0.201299
0.227273
0.220779
0.240260
0.227273
0.246753
0.207792
0.214286
0.201299
0.253247
0.181818
0.188312
0.175325
0.214286
0.214286
0.214286
0.201299
0.227273
0.207792
0.162338
0.227273
0.227273
0.201299
0.194805
0.246753
0.201299
0.214286
0.194805
0.214286
0.233766
0.194805
0.214286
0.220779
0.214286
0.207792
0.149351
0.214286
0.181818
0.194805
0.201299
0.201299
0.181818
0.207792
0.227273
0.149351
0.227273
0.162338
0.214286
0.194805
0.194805
0.214286
0.246753
0.298701
0.168831
0.194805
0.227273
0.162338
0.155844
0.240260
0.214286
0.227273
0.201299
0.233766
0.181818
0.233766
0.194805
0.318182
0.279221
0.207792
0.201299
