0.211340
0.170103
0.180412
0.345361
0.175258
0.170103
0.221649
0.195876
0.190722
0.144330
0.164948
0.170103
0.154639
0.164948
0.154639
0.195876
0.180412
0.170103
0.180412
0.180412
0.154639
0.175258
0.180412
0.185567
0.149485
0.164948
0.185567
0.216495
0.180412
0.159794
0.206186
0.335052
0.164948
0.144330
0.164948
0.170103
0.185567
0.164948
0.154639
0.180412
0.195876
0.520619
0.164948
0.211340
0.128866
0.164948
0.149485
0.201031
0.164948
0.201031
0.190722
0.144330
0.195876
0.216495
0.206186
0.206186
0.170103
0.170103
0.180412
0.154639
0.170103
0.195876
0.175258
0.164948
0.463918
0.170103
0.154639
0.185567
0.201031
0.159794
0.164948
0.180412
0.185567
0.185567
0.335052
0.175258
0.170103
0.201031
0.190722
0.159794
0.159794
0.164948
0.170103
0.159794
0.201031
0.221649
0.175258
0.201031
0.154639
0.206186
0.170103
0.201031
0.175258
0.185567
0.164948
0.164948
0.190722
0.175258
0.237113
0.159794
0.175258
0.164948
0.190722
0.278351
0.164948
0.201031
0.170103
0.185567
0.159794
0.170103
0.190722
0.180412
0.159794
0.180412
0.180412
0.190722
0.139175
0.664948
0.170103
0.149485
0.149485
0.149485
0.247423
0.185567
0.180412
0.159794
0.139175
0.335052
0.170103
0.185567
0.139175
0.273196
0.201031
0.185567
0.170103
0.128866
0.180412
0.613402
0.175258
0.226804
0.170103
0.154639
0.170103
0.190722
0.190722
0.170103
0.170103
0.664948
0.180412
0.185567
0.221649
0.170103
0.206186
0.180412
0.206186
0.226804
0.195876
0.335052
0.216495
0.201031
0.159794
0.195876
0.175258
0.175258
0.154639
0.159794
0.185567
0.159794
0.201031
0.190722
0.159794
0.170103
0.252577
0.190722
0.149485
0.185567
0.190722
0.185567
0.206186
0.206186
0.195876
0.201031
0.195876
0.180412
0.190722
0.170103
0.185567
0.221649
0.185567
0.164948
0.128866
0.180412
0.180412
0.211340
0.190722
0.164948
0.144330
0.170103
0.185567
0.211340
0.180412
0.190722
0.154639
0.201031
0.185567
0.170103
0.195876
0.216495
0.195876
0.206186
0.664948
0.195876
0.190722
0.190722
0.195876
0.185567
0.170103
0.175258
0.159794
0.226804
0.324742
0.185567
0.159794
0.175258
0.221649
0.190722
0.159794
0.185567
0.159794
0.149485
0.664948
0.221649
0.195876
0.170103
0.252577
0.149485
0.190722
0.206186
0.180412
0.159794
0.335052
0.201031
0.206186
0.175258
0.175258
0.190722
0.221649
0.180412
0.185567
0.144330
0.247423
0.149485
0.195876
0.170103
0.247423
0.180412
0.144330
0.201031
0.221649
0.190722
0.180412
0.170103
0.159794
0.221649
0.154639
0.170103
0.164948
0.175258
0.175258
0.175258
0.185567
0.149485
0.159794
0.164948
0.278351
0.185567
0.190722
0.201031
0.206186
0.180412
0.201031
0.190722
0.164948
0.664948
0.149485
0.180412
0.175258
0.149485
0.237113
0.221649
0.170103
0.175258
0.180412
0.221649
0.201031
0.170103
0.139175
0.159794
0.170103
0.190722
