0.109195
0.160920
0.189655
0.183908
0.178161
0.137931
0.120690
0.137931
0.166667
0.166667
0.160920
0.114943
0.155172
0.149425
0.149425
0.172414
0.183908
0.172414
0.166667
0.109195
0.172414
0.166667
0.178161
0.172414
0.166667
0.149425
0.137931
0.160920
0.149425
0.143678
0.137931
0.137931
0.126437
0.166667
0.183908
0.160920
0.195402
0.189655
0.189655
0.160920
0.166667
0.132184
0.178161
0.155172
0.160920
0.160920
0.137931
0.183908
0.149425
0.201149
0.160920
0.160920
0.126437
0.172414
0.178161
0.149425
0.160920
0.160920
0.166667
0.166667
0.126437
0.155172
0.149425
0.149425
0.195402
0.149425
0.155172
0.126437
0.155172
0.172414
0.155172
0.166667
0.137931
0.155172
0.172414
0.172414
0.201149
0.160920
0.160920
0.178161
0.149425
0.143678
0.212644
0.132184
0.178161
0.160920
0.143678
0.178161
0.183908
0.155172
0.126437
0.132184
0.201149
0.155172
0.166667
0.183908
0.189655
0.137931
0.137931
0.149425
0.149425
0.172414
0.155172
0.189655
0.132184
0.137931
0.132184
0.160920
0.160920
0.178161
0.160920
0.155172
0.166667
0.160920
0.149425
0.149425
0.160920
0.155172
0.172414
0.172414
0.109195
0.143678
0.149425
0.183908
0.137931
0.126437
0.189655
0.160920
0.183908
0.178161
0.201149
0.224138
0.195402
0.160920
0.201149
0.120690
0.120690
0.166667
0.155172
0.195402
0.201149
0.155172
0.212644
0.160920
0.143678
0.132184
0.143678
0.172414
0.160920
0.155172
0.166667
0.172414
0.172414
0.143678
0.143678
0.172414
0.149425
0.149425
0.126437
0.189655
0.183908
0.143678
0.126437
0.195402
0.137931
0.189655
0.132184
0.195402
0.149425
0.155172
0.120690
0.172414
0.206897
0.183908
0.137931
0.172414
0.143678
0.160920
0.172414
0.143678
0.172414
0.166667
0.172414
0.149425
0.160920
0.195402
0.143678
0.137931
0.178161
0.132184
0.149425
0.120690
0.137931
0.160920
0.160920
0.183908
0.166667
0.143678
0.155172
0.160920
0.189655
0.166667
0.172414
0.189655
0.149425
0.160920
0.195402
0.178161
0.160920
0.132184
0.149425
0.189655
0.166667
0.155172
0.166667
0.137931
0.137931
0.166667
0.149425
0.149425
0.155172
0.160920
0.172414
0.166667
0.172414
0.149425
0.160920
0.172414
0.149425
0.166667
0.155172
0.143678
0.132184
0.166667
0.183908
0.126437
0.132184
0.172414
0.155172
0.149425
0.166667
0.183908
0.160920
0.178161
0.172414
0.172414
0.143678
0.143678
0.166667
0.149425
0.149425
0.160920
0.143678
0.155172
0.160920
0.137931
0.155172
0.155172
0.097701
0.155172
0.143678
0.143678
0.120690
0.178161
0.166667
0.160920
0.126437
0.166667
0.172414
0.160920
0.132184
0.201149
0.160920
0.137931
0.166667
0.132184
0.206897
0.172414
0.195402
0.155172
0.166667
0.137931
0.172414
0.172414
0.143678
0.178161
0.149425
0.155172
0.126437
0.114943
0.166667
0.132184
0.172414
0.149425
0.201149
0.149425
0.132184
0.166667
0.132184
0.160920
