0.211340
0.288660
0.170103
0.242268
0.185567
0.216495
0.283505
0.257732
0.221649
0.231959
0.257732
0.314433
0.206186
0.226804
0.288660
0.164948
0.211340
0.231959
0.309278
0.221649
0.242268
0.304124
0.190722
0.252577
0.226804
0.175258
0.252577
0.262887
0.201031
0.211340
0.242268
0.185567
0.221649
0.190722
0.288660
0.211340
0.201031
0.216495
0.314433
0.211340
0.309278
0.268041
0.231959
0.216495
0.180412
0.201031
0.283505
0.175258
0.221649
0.216495
0.185567
0.211340
0.206186
0.273196
0.195876
0.226804
0.242268
0.242268
0.298969
0.231959
0.262887
0.288660
0.319588
0.237113
0.201031
0.211340
0.216495
0.262887
0.298969
0.226804
0.329897
0.206186
0.175258
0.252577
0.206186
0.221649
0.185567
0.231959
0.257732
0.206186
0.257732
0.154639
0.283505
0.237113
0.257732
0.242268
0.185567
0.216495
0.247423
0.298969
0.319588
0.201031
0.211340
0.221649
0.221649
0.206186
0.252577
0.257732
0.242268
0.247423
0.262887
0.201031
0.298969
0.216495
0.195876
0.247423
0.201031
0.206186
0.231959
0.237113
0.195876
0.278351
0.226804
0.206186
0.211340
0.226804
0.185567
0.304124
0.170103
0.175258
0.237113
0.237113
0.231959
0.278351
0.164948
0.216495
0.211340
0.221649
0.288660
0.170103
0.231959
0.278351
0.195876
0.206186
0.247423
0.237113
0.216495
0.226804
0.226804
0.262887
0.319588
0.221649
0.257732
0.242268
0.211340
0.201031
0.201031
0.252577
0.242268
0.329897
0.211340
0.273196
0.226804
0.195876
0.211340
0.185567
0.237113
0.268041
0.268041
0.180412
0.288660
0.262887
0.226804
0.262887
0.206186
0.247423
0.206186
0.242268
0.206186
0.226804
0.206186
0.226804
0.293814
0.195876
0.257732
0.226804
0.242268
0.288660
0.237113
0.288660
0.206186
0.262887
0.201031
0.262887
0.231959
0.268041
0.211340
0.257732
0.206186
0.216495
0.247423
0.195876
0.262887
0.195876
0.231959
0.170103
0.242268
0.195876
0.149485
0.185567
0.216495
0.201031
0.226804
0.278351
0.262887
0.206186
0.175258
0.216495
0.237113
0.195876
0.164948
0.195876
0.288660
0.247423
0.201031
0.283505
0.298969
0.185567
0.237113
0.268041
0.216495
0.257732
0.309278
0.159794
0.247423
0.185567
0.206186
0.273196
0.195876
0.211340
0.201031
0.221649
0.262887
0.164948
0.216495
0.175258
0.242268
0.226804
0.206186
0.195876
0.164948
0.211340
0.195876
0.242268
0.226804
0.262887
0.175258
0.226804
0.211340
0.345361
0.262887
0.237113
0.221649
0.221649
0.190722
0.216495
0.164948
0.216495
0.252577
0.288660
0.237113
0.180412
0.268041
0.237113
0.262887
0.324742
0.149485
0.231959
0.247423
0.304124
0.190722
0.195876
0.180412
0.257732
0.247423
0.231959
0.180412
0.288660
0.242268
0.231959
0.226804
0.201031
0.314433
0.170103
0.231959
0.164948
0.211340
0.206186
0.170103
0.211340
0.190722
0.257732
0.195876
0.195876
0.216495
0.216495
0.201031
0.154639
0.288660
0.216495
