0.417910
0.313433
0.343284
0.410448
0.343284
0.328358
0.440299
0.291045
0.417910
0.380597
0.305970
0.380597
0.350746
0.365672
0.373134
0.320896
0.328358
0.388060
0.432836
0.320896
0.358209
0.373134
0.298507
0.425373
0.470149
0.388060
0.320896
0.328358
0.410448
0.335821
0.328358
0.365672
0.305970
0.343284
0.350746
0.380597
0.395522
0.402985
0.365672
0.328358
0.358209
0.350746
0.313433
0.291045
0.350746
0.328358
0.350746
0.402985
0.417910
0.395522
0.335821
0.410448
0.335821
0.350746
0.328358
0.343284
0.410448
0.395522
0.410448
0.335821
0.328358
0.298507
0.283582
0.417910
0.402985
0.432836
0.432836
0.343284
0.388060
0.388060
0.320896
0.343284
0.313433
0.328358
0.283582
0.298507
0.432836
0.291045
0.380597
0.261194
0.373134
0.261194
0.305970
0.305970
0.358209
0.328358
0.425373
0.320896
0.455224
0.425373
0.320896
0.432836
0.388060
0.395522
0.402985
0.313433
0.432836
0.276119
0.417910
0.395522
0.313433
0.335821
0.417910
0.432836
0.328358
0.253731
0.328358
0.358209
0.395522
0.402985
0.320896
0.440299
0.350746
0.425373
0.283582
0.313433
0.343284
0.313433
0.380597
0.358209
0.395522
0.485075
0.417910
0.350746
0.402985
0.320896
0.328358
0.343284
0.343284
0.320896
0.432836
0.305970
0.350746
0.328358
0.268657
0.261194
0.395522
0.373134
0.298507
0.373134
0.440299
0.328358
0.395522
0.320896
0.335821
0.328358
0.365672
0.335821
0.373134
0.283582
0.380597
0.343284
0.335821
0.343284
0.298507
0.313433
0.417910
0.343284
0.373134
0.380597
0.328358
0.380597
0.313433
0.305970
0.410448
0.417910
0.380597
0.298507
0.380597
0.395522
0.276119
0.388060
0.358209
0.291045
0.343284
0.350746
0.298507
0.373134
0.328358
0.305970
0.388060
0.395522
0.410448
0.313433
0.373134
0.388060
0.261194
0.320896
0.380597
0.417910
0.358209
0.268657
0.373134
0.373134
0.283582
0.402985
0.283582
0.298507
0.380597
0.343284
0.388060
0.388060
0.313433
0.365672
0.253731
0.253731
0.335821
0.388060
0.447761
0.388060
0.343284
0.343284
0.373134
0.373134
0.328358
0.358209
0.335821
0.253731
0.365672
0.470149
0.335821
0.395522
0.358209
0.298507
0.350746
0.395522
0.328358
0.298507
0.395522
0.328358
0.365672
0.320896
0.380597
0.358209
0.320896
0.313433
0.343284
0.395522
0.328358
0.320896
0.440299
0.365672
0.388060
0.388060
0.395522
0.440299
0.365672
0.470149
0.343284
0.358209
0.298507
0.425373
0.343284
0.328358
0.373134
0.388060
0.395522
0.335821
0.388060
0.350746
0.343284
0.388060
0.365672
0.358209
0.305970
0.313433
0.365672
0.335821
0.358209
0.410448
0.358209
0.358209
0.380597
0.261194
0.343284
0.395522
0.283582
0.335821
0.432836
0.276119
0.313433
0.261194
0.417910
0.373134
0.388060
0.492537
0.365672
0.276119
0.470149
0.298507
0.358209
0.365672
0.313433
0.373134
0.320896
0.373134
0.305970
0.328358
0.313433
0.440299
