0.178161
0.201149
0.155172
0.137931
0.120690
0.166667
0.137931
0.172414
0.149425
0.166667
0.137931
0.189655
0.160920
0.155172
0.218391
0.166667
0.160920
0.132184
0.160920
0.166667
0.149425
0.143678
0.126437
0.155172
0.178161
0.143678
0.155172
0.155172
0.149425
0.183908
0.178161
0.155172
0.149425
0.155172
0.149425
0.155172
0.166667
0.201149
0.206897
0.166667
0.132184
0.172414
0.126437
0.155172
0.201149
0.201149
0.178161
0.189655
0.183908
0.149425
0.166667
0.195402
0.195402
0.212644
0.149425
0.166667
0.195402
0.149425
0.172414
0.160920
0.143678
0.172414
0.166667
0.149425
0.201149
0.183908
0.229885
0.149425
0.160920
0.166667
0.149425
0.137931
0.126437
0.143678
0.178161
0.206897
0.132184
0.183908
0.195402
0.155172
0.160920
0.166667
0.183908
0.166667
0.137931
0.178161
0.201149
0.189655
0.178161
0.166667
0.212644
0.160920
0.160920
0.172414
0.137931
0.166667
0.178161
0.183908
0.155172
0.149425
0.183908
0.178161
0.143678
0.201149
0.178161
0.166667
0.183908
0.218391
0.155172
0.143678
0.178161
0.183908
0.166667
0.143678
0.201149
0.212644
0.132184
0.166667
0.206897
0.247126
0.218391
0.206897
0.206897
0.206897
0.166667
0.178161
0.189655
0.143678
0.178161
0.183908
0.189655
0.143678
0.172414
0.212644
0.172414
0.137931
0.149425
0.201149
0.137931
0.149425
0.166667
0.143678
0.178161
0.189655
0.126437
0.178161
0.172414
0.178161
0.126437
0.160920
0.149425
0.206897
0.172414
0.137931
0.189655
0.160920
0.172414
0.178161
0.132184
0.149425
0.143678
0.166667
0.160920
0.172414
0.189655
0.143678
0.178161
0.201149
0.160920
0.178161
0.137931
0.149425
0.189655
0.149425
0.137931
0.172414
0.155172
0.149425
0.137931
0.149425
0.178161
0.149425
0.166667
0.155172
0.183908
0.178161
0.132184
0.137931
0.155172
0.178161
0.172414
0.137931
0.189655
0.201149
0.143678
0.195402
0.172414
0.172414
0.166667
0.143678
0.183908
0.178161
0.132184
0.166667
0.241379
0.149425
0.183908
0.183908
0.172414
0.201149
0.149425
0.132184
0.160920
0.155172
0.155172
0.155172
0.120690
0.149425
0.172414
0.172414
0.235632
0.178161
0.172414
0.143678
0.178161
0.137931
0.137931
0.195402
0.126437
0.143678
0.149425
0.160920
0.183908
0.160920
0.126437
0.132184
0.206897
0.172414
0.149425
0.155172
0.201149
0.114943
0.172414
0.178161
0.149425
0.178161
0.172414
0.189655
0.149425
0.160920
0.201149
0.195402
0.229885
0.178161
0.166667
0.183908
0.160920
0.166667
0.166667
0.166667
0.137931
0.178161
0.155172
0.143678
0.155172
0.114943
0.178161
0.160920
0.172414
0.120690
0.189655
0.178161
0.126437
0.201149
0.172414
0.166667
0.172414
0.195402
0.149425
0.178161
0.189655
0.155172
0.149425
0.172414
0.189655
0.206897
0.178161
0.206897
0.155172
0.166667
0.155172
0.155172
0.189655
0.189655
0.195402
0.160920
0.126437
0.206897
0.166667
0.160920
