0.247126
0.258621
0.241379
0.310345
0.344828
0.281609
0.229885
0.264368
0.298851
0.229885
0.287356
0.281609
0.316092
0.298851
0.390805
0.327586
0.396552
0.321839
0.356322
0.224138
0.293103
0.229885
0.316092
0.287356
0.287356
0.224138
0.333333
0.264368
0.241379
0.275862
0.241379
0.333333
0.258621
0.270115
0.298851
0.310345
0.298851
0.321839
0.258621
0.321839
0.258621
0.201149
0.201149
0.275862
0.304598
0.321839
0.264368
0.224138
0.270115
0.264368
0.258621
0.321839
0.298851
0.327586
0.321839
0.172414
0.344828
0.235632
0.327586
0.293103
0.333333
0.367816
0.327586
0.252874
0.344828
0.270115
0.327586
0.413793
0.298851
0.350575
0.298851
0.235632
0.321839
0.201149
0.224138
0.206897
0.258621
0.258621
0.419540
0.241379
0.235632
0.304598
0.327586
0.218391
0.252874
0.293103
0.270115
0.316092
0.293103
0.275862
0.235632
0.310345
0.270115
0.287356
0.178161
0.293103
0.293103
0.252874
0.218391
0.195402
0.229885
0.224138
0.298851
0.465517
0.298851
0.224138
0.195402
0.298851
0.362069
0.321839
0.224138
0.298851
0.333333
0.275862
0.293103
0.229885
0.235632
0.241379
0.350575
0.356322
0.229885
0.241379
0.298851
0.258621
0.367816
0.229885
0.281609
0.247126
0.229885
0.281609
0.327586
0.281609
0.247126
0.258621
0.241379
0.172414
0.241379
0.270115
0.293103
0.195402
0.304598
0.298851
0.235632
0.316092
0.252874
0.344828
0.252874
0.258621
0.247126
0.367816
0.224138
0.356322
0.367816
0.293103
0.344828
0.252874
0.298851
0.287356
0.252874
0.344828
0.298851
0.362069
0.183908
0.310345
0.264368
0.390805
0.293103
0.281609
0.264368
0.293103
0.247126
0.333333
0.298851
0.293103
0.304598
0.327586
0.258621
0.270115
0.339080
0.390805
0.275862
0.362069
0.235632
0.195402
0.310345
0.310345
0.252874
0.281609
0.350575
0.316092
0.264368
0.275862
0.201149
0.298851
0.321839
0.339080
0.258621
0.333333
0.293103
0.224138
0.281609
0.339080
0.316092
0.316092
0.241379
0.258621
0.327586
0.298851
0.379310
0.241379
0.425287
0.419540
0.195402
0.281609
0.316092
0.298851
0.264368
0.316092
0.298851
0.224138
0.304598
0.247126
0.390805
0.293103
0.270115
0.264368
0.321839
0.287356
0.327586
0.224138
0.281609
0.367816
0.218391
0.270115
0.258621
0.321839
0.356322
0.218391
0.275862
0.241379
0.316092
0.275862
0.373563
0.327586
0.252874
0.183908
0.304598
0.241379
0.264368
0.316092
0.298851
0.310345
0.333333
0.258621
0.258621
0.264368
0.327586
0.287356
0.229885
0.327586
0.252874
0.362069
0.350575
0.212644
0.327586
0.241379
0.281609
0.258621
0.298851
0.270115
0.390805
0.229885
0.264368
0.327586
0.327586
0.298851
0.275862
0.293103
0.270115
0.316092
0.310345
0.316092
0.247126
0.258621
0.183908
0.442529
0.344828
0.264368
0.252874
0.304598
0.281609
0.218391
0.224138
0.195402
0.264368
0.281609
0.235632
0.367816
0.373563
0.235632
