0.168831
0.376623
0.402597
0.207792
0.175325
0.149351
0.201299
0.168831
0.194805
0.363636
0.779221
0.181818
0.532468
0.649351
0.266234
0.616883
0.136364
0.370130
0.188312
0.798701
0.162338
0.162338
0.155844
0.571429
0.740260
0.350649
0.675325
0.305195
0.168831
0.246753
0.227273
0.331169
0.233766
0.188312
0.402597
0.376623
0.577922
0.357143
0.233766
0.428571
0.220779
0.551948
0.201299
0.201299
0.149351
0.194805
0.175325
0.181818
0.344156
0.681818
0.409091
0.675325
0.376623
0.181818
0.298701
0.259740
0.363636
0.162338
0.162338
0.155844
0.175325
0.272727
0.142857
0.331169
0.558442
0.350649
0.435065
0.584416
0.142857
0.220779
0.129870
0.194805
0.168831
0.649351
0.662338
0.480519
0.435065
0.188312
0.207792
0.214286
0.181818
0.188312
0.155844
0.272727
0.168831
0.201299
0.194805
0.168831
0.389610
0.259740
0.168831
0.194805
0.175325
0.181818
0.376623
0.331169
0.331169
0.272727
0.110390
0.214286
0.162338
0.155844
0.181818
0.188312
0.162338
0.149351
0.168831
0.175325
0.181818
0.188312
0.175325
0.207792
0.227273
0.201299
0.279221
0.792208
0.746753
0.175325
0.175325
0.175325
0.214286
0.175325
0.149351
0.194805
0.253247
0.168831
0.201299
0.162338
0.642857
0.155844
0.162338
0.188312
0.162338
0.214286
0.318182
0.350649
0.668831
0.623377
0.168831
0.175325
0.175325
0.123377
0.201299
0.545455
0.474026
0.344156
0.350649
0.207792
0.116883
0.136364
0.175325
0.188312
0.194805
0.681818
0.480519
0.337662
0.681818
0.428571
0.227273
0.181818
0.207792
0.207792
0.188312
0.233766
0.188312
0.162338
0.207792
0.188312
0.181818
0.181818
0.181818
0.142857
0.233766
0.188312
0.175325
0.162338
0.181818
0.162338
0.162338
0.214286
0.188312
0.181818
0.181818
0.194805
0.201299
0.175325
0.188312
0.214286
0.201299
0.162338
0.201299
0.175325
0.142857
0.642857
0.454545
0.220779
0.409091
0.181818
0.162338
0.214286
0.175325
0.253247
0.194805
0.194805
0.168831
0.188312
0.175325
0.214286
0.253247
0.181818
0.162338
0.181818
0.142857
0.168831
0.162338
0.175325
0.142857
0.227273
0.175325
0.181818
0.155844
0.227273
0.188312
0.188312
0.168831
0.207792
0.142857
0.194805
0.162338
0.207792
0.168831
0.168831
0.168831
0.694805
0.636364
0.655844
0.396104
0.259740
0.207792
0.181818
0.168831
0.162338
0.181818
0.168831
0.188312
0.207792
0.181818
0.246753
0.188312
0.162338
0.181818
0.188312
0.175325
0.201299
0.272727
0.655844
0.175325
0.155844
0.168831
0.220779
0.168831
0.220779
0.525974
0.162338
0.194805
0.181818
0.194805
0.142857
0.162338
0.175325
0.194805
0.162338
0.168831
0.512987
0.480519
0.831169
0.616883
0.240260
0.188312
0.181818
0.162338
0.201299
0.253247
0.149351
0.175325
0.201299
0.123377
0.155844
0.220779
0.175325
0.194805
0.220779
0.149351
0.188312
0.227273
0.181818
0.272727
0.214286
0.214286
0.155844
