0.201031
0.154639
0.237113
0.185567
0.139175
0.185567
0.226804
0.216495
0.201031
0.237113
0.170103
0.180412
0.144330
0.216495
0.128866
0.273196
0.201031
0.268041
0.154639
0.216495
0.175258
0.164948
0.159794
0.201031
0.180412
0.216495
0.180412
0.170103
0.154639
0.242268
0.216495
0.283505
0.149485
0.237113
0.216495
0.190722
0.216495
0.175258
0.226804
0.190722
0.195876
0.288660
0.273196
0.273196
0.190722
0.201031
0.180412
0.216495
0.195876
0.170103
0.185567
0.164948
0.164948
0.273196
0.252577
0.247423
0.170103
0.216495
0.159794
0.190722
0.149485
0.185567
0.221649
0.298969
0.201031
0.190722
0.170103
0.185567
0.170103
0.221649
0.195876
0.185567
0.206186
0.159794
0.149485
0.221649
0.175258
0.180412
0.211340
0.190722
0.231959
0.211340
0.242268
0.206186
0.221649
0.139175
0.195876
0.159794
0.216495
0.242268
0.216495
0.195876
0.164948
0.201031
0.226804
0.242268
0.185567
0.283505
0.201031
0.185567
0.226804
0.221649
0.201031
0.185567
0.206186
0.226804
0.231959
0.185567
0.195876
0.164948
0.231959
0.164948
0.180412
0.221649
0.164948
0.175258
0.159794
0.175258
0.221649
0.195876
0.164948
0.195876
0.211340
0.252577
0.180412
0.221649
0.231959
0.211340
0.226804
0.195876
0.170103
0.154639
0.190722
0.226804
0.170103
0.190722
0.195876
0.226804
0.226804
0.216495
0.170103
0.170103
0.190722
0.180412
0.268041
0.231959
0.201031
0.180412
0.206186
0.180412
0.185567
0.180412
0.201031
0.175258
0.268041
0.211340
0.262887
0.195876
0.221649
0.180412
0.195876
0.237113
0.226804
0.201031
0.190722
0.195876
0.206186
0.190722
0.190722
0.226804
0.180412
0.190722
0.206186
0.154639
0.175258
0.190722
0.247423
0.195876
0.252577
0.283505
0.252577
0.201031
0.221649
0.221649
0.237113
0.201031
0.175258
0.273196
0.221649
0.257732
0.242268
0.216495
0.211340
0.185567
0.252577
0.185567
0.252577
0.195876
0.216495
0.221649
0.128866
0.211340
0.175258
0.201031
0.164948
0.216495
0.144330
0.293814
0.237113
0.211340
0.159794
0.226804
0.185567
0.190722
0.206186
0.252577
0.175258
0.180412
0.170103
0.185567
0.170103
0.175258
0.226804
0.273196
0.175258
0.211340
0.175258
0.175258
0.221649
0.226804
0.242268
0.149485
0.293814
0.206186
0.180412
0.231959
0.221649
0.175258
0.268041
0.201031
0.164948
0.298969
0.221649
0.139175
0.237113
0.195876
0.231959
0.170103
0.195876
0.268041
0.237113
0.190722
0.159794
0.206186
0.314433
0.185567
0.201031
0.211340
0.242268
0.206186
0.216495
0.180412
0.170103
0.154639
0.252577
0.257732
0.216495
0.159794
0.190722
0.206186
0.206186
0.175258
0.164948
0.195876
0.278351
0.237113
0.288660
0.221649
0.175258
0.237113
0.242268
0.211340
0.164948
0.164948
0.257732
0.185567
0.211340
0.247423
0.216495
0.247423
0.170103
0.134021
0.206186
0.206186
0.283505
0.206186
0.164948
0.190722
0.190722
0.304124
