0.126866
0.111940
0.171642
0.149254
0.126866
0.149254
0.149254
0.141791
0.126866
0.156716
0.134328
0.179104
0.179104
0.149254
0.164179
0.156716
0.156716
0.126866
0.111940
0.149254
0.141791
0.186567
0.149254
0.164179
0.164179
0.186567
0.194030
0.119403
0.141791
0.171642
0.119403
0.156716
0.179104
0.179104
0.141791
0.149254
0.171642
0.179104
0.111940
0.186567
0.164179
0.171642
0.186567
0.164179
0.156716
0.149254
0.089552
0.164179
0.126866
0.156716
0.194030
0.126866
0.179104
0.194030
0.141791
0.179104
0.089552
0.126866
0.186567
0.149254
0.149254
0.164179
0.164179
0.126866
0.171642
0.141791
0.186567
0.171642
0.104478
0.111940
0.141791
0.149254
0.149254
0.171642
0.156716
0.141791
0.134328
0.171642
0.179104
0.119403
0.171642
0.164179
0.149254
0.194030
0.119403
0.134328
0.164179
0.164179
0.156716
0.186567
0.134328
0.171642
0.149254
0.111940
0.089552
0.141791
0.134328
0.156716
0.164179
0.194030
0.179104
0.179104
0.149254
0.126866
0.179104
0.141791
0.179104
0.149254
0.179104
0.164179
0.194030
0.179104
0.171642
0.111940
0.164179
0.149254
0.186567
0.134328
0.164179
0.201493
0.164179
0.149254
0.134328
0.126866
0.149254
0.134328
0.156716
0.179104
0.179104
0.164179
0.164179
0.164179
0.134328
0.164179
0.164179
0.149254
0.149254
0.156716
0.171642
0.164179
0.126866
0.179104
0.156716
0.186567
0.141791
0.186567
0.171642
0.134328
0.179104
0.216418
0.164179
0.156716
0.126866
0.171642
0.156716
0.141791
0.164179
0.171642
0.156716
0.134328
0.141791
0.119403
0.119403
0.126866
0.141791
0.134328
0.156716
0.156716
0.171642
0.156716
0.126866
0.194030
0.179104
0.164179
0.164179
0.164179
0.134328
0.156716
0.134328
0.111940
0.149254
0.126866
0.164179
0.164179
0.164179
0.149254
0.149254
0.164179
0.179104
0.141791
0.164179
0.119403
0.134328
0.134328
0.164179
0.179104
0.171642
0.126866
0.179104
0.186567
0.119403
0.186567
0.164179
0.194030
0.126866
0.156716
0.156716
0.156716
0.201493
0.186567
0.089552
0.164179
0.149254
0.134328
0.141791
0.201493
0.164179
0.179104
0.149254
0.119403
0.119403
0.156716
0.134328
0.186567
0.171642
0.141791
0.149254
0.111940
0.156716
0.134328
0.126866
0.119403
0.097015
0.156716
0.156716
0.171642
0.149254
0.164179
0.171642
0.208955
0.149254
0.149254
0.104478
0.111940
0.186567
0.141791
0.111940
0.164179
0.134328
0.119403
0.179104
0.164179
0.126866
0.164179
0.216418
0.126866
0.149254
0.141791
0.171642
0.208955
0.149254
0.156716
0.149254
0.149254
0.149254
0.134328
0.156716
0.156716
0.186567
0.134328
0.134328
0.141791
0.156716
0.171642
0.194030
0.141791
0.179104
0.179104
0.126866
0.164179
0.156716
0.149254
0.126866
0.149254
0.134328
0.156716
0.126866
0.141791
0.134328
0.126866
0.171642
0.156716
0.194030
0.141791
0.134328
0.134328
0.141791
0.134328
0.164179
0.164179
