0.238806
0.164179
0.313433
0.246269
0.261194
0.350746
0.208955
0.261194
0.335821
0.291045
0.268657
0.223881
0.223881
0.201493
0.238806
0.253731
0.238806
0.208955
0.208955
0.268657
0.231343
0.201493
0.291045
0.223881
0.223881
0.201493
0.298507
0.208955
0.231343
0.261194
0.179104
0.223881
0.253731
0.186567
0.276119
0.216418
0.291045
0.246269
0.179104
0.283582
0.261194
0.246269
0.268657
0.261194
0.305970
0.223881
0.276119
0.201493
0.268657
0.253731
0.238806
0.186567
0.283582
0.208955
0.276119
0.261194
0.268657
0.201493
0.335821
0.320896
0.253731
0.216418
0.216418
0.380597
0.261194
0.216418
0.268657
0.268657
0.238806
0.268657
0.320896
0.283582
0.238806
0.283582
0.164179
0.261194
0.276119
0.216418
0.238806
0.179104
0.283582
0.194030
0.253731
0.291045
0.246269
0.276119
0.223881
0.231343
0.246269
0.164179
0.246269
0.276119
0.231343
0.194030
0.223881
0.208955
0.223881
0.208955
0.313433
0.231343
0.253731
0.261194
0.305970
0.261194
0.276119
0.298507
0.149254
0.231343
0.216418
0.305970
0.223881
0.261194
0.268657
0.305970
0.179104
0.179104
0.186567
0.216418
0.216418
0.223881
0.223881
0.238806
0.238806
0.253731
0.320896
0.216418
0.216418
0.231343
0.246269
0.261194
0.276119
0.186567
0.276119
0.171642
0.268657
0.246269
0.268657
0.231343
0.261194
0.268657
0.216418
0.223881
0.223881
0.231343
0.298507
0.223881
0.223881
0.216418
0.231343
0.283582
0.238806
0.201493
0.208955
0.291045
0.291045
0.276119
0.238806
0.253731
0.253731
0.186567
0.186567
0.298507
0.246269
0.179104
0.231343
0.208955
0.223881
0.268657
0.231343
0.268657
0.246269
0.208955
0.305970
0.179104
0.328358
0.261194
0.246269
0.276119
0.320896
0.231343
0.238806
0.261194
0.223881
0.246269
0.208955
0.216418
0.223881
0.223881
0.298507
0.238806
0.223881
0.268657
0.216418
0.268657
0.328358
0.246269
0.268657
0.216418
0.201493
0.231343
0.253731
0.231343
0.268657
0.261194
0.268657
0.208955
0.253731
0.223881
0.238806
0.238806
0.261194
0.261194
0.194030
0.208955
0.179104
0.320896
0.283582
0.194030
0.320896
0.216418
0.253731
0.253731
0.231343
0.283582
0.201493
0.216418
0.179104
0.231343
0.246269
0.231343
0.268657
0.253731
0.313433
0.231343
0.216418
0.305970
0.216418
0.216418
0.283582
0.231343
0.194030
0.238806
0.305970
0.253731
0.186567
0.238806
0.246269
0.343284
0.246269
0.253731
0.171642
0.291045
0.261194
0.246269
0.231343
0.253731
0.223881
0.201493
0.223881
0.253731
0.186567
0.246269
0.253731
0.156716
0.298507
0.186567
0.238806
0.283582
0.253731
0.246269
0.276119
0.231343
0.238806
0.261194
0.223881
0.283582
0.261194
0.231343
0.246269
0.171642
0.231343
0.231343
0.246269
0.186567
0.201493
0.231343
0.305970
0.268657
0.261194
0.231343
0.298507
0.186567
0.216418
0.238806
0.261194
0.216418
0.298507
0.298507
0.194030
0.291045
