0.240260
0.214286
0.233766
0.279221
0.272727
0.272727
0.292208
0.240260
0.233766
0.227273
0.318182
0.233766
0.207792
0.240260
0.175325
0.227273
0.207792
0.220779
0.240260
0.259740
0.220779
0.266234
0.220779
0.272727
0.201299
0.279221
0.305195
0.220779
0.279221
0.201299
0.207792
0.324675
0.214286
0.168831
0.246753
0.214286
0.175325
0.214286
0.240260
0.266234
0.194805
0.266234
0.350649
0.207792
0.266234
0.292208
0.370130
0.201299
0.207792
0.214286
0.220779
0.240260
0.214286
0.207792
0.311688
0.253247
0.266234
0.233766
0.214286
0.259740
0.266234
0.240260
0.246753
0.194805
0.272727
0.324675
0.279221
0.279221
0.246753
0.279221
0.220779
0.259740
0.233766
0.259740
0.214286
0.194805
0.246753
0.246753
0.253247
0.214286
0.214286
0.233766
0.272727
0.233766
0.233766
0.214286
0.233766
0.311688
0.266234
0.214286
0.311688
0.246753
0.201299
0.240260
0.253247
0.240260
0.259740
0.311688
0.253247
0.266234
0.233766
0.259740
0.233766
0.292208
0.305195
0.350649
0.214286
0.266234
0.201299
0.272727
0.240260
0.214286
0.363636
0.214286
0.253247
0.227273
0.253247
0.259740
0.246753
0.188312
0.285714
0.272727
0.279221
0.285714
0.305195
0.201299
0.227273
0.201299
0.266234
0.246753
0.266234
0.292208
0.285714
0.272727
0.298701
0.233766
0.194805
0.240260
0.214286
0.344156
0.194805
0.220779
0.292208
0.240260
0.246753
0.272727
0.201299
0.227273
0.240260
0.246753
0.285714
0.220779
0.240260
0.240260
0.220779
0.279221
0.207792
0.285714
0.207792
0.188312
0.188312
0.162338
0.201299
0.233766
0.227273
0.188312
0.246753
0.227273
0.214286
0.201299
0.259740
0.188312
0.207792
0.233766
0.207792
0.272727
0.246753
0.266234
0.207792
0.207792
0.259740
0.266234
0.233766
0.214286
0.259740
0.240260
0.233766
0.246753
0.279221
0.240260
0.220779
0.233766
0.207792
0.207792
0.240260
0.181818
0.233766
0.285714
0.227273
0.311688
0.279221
0.227273
0.272727
0.259740
0.233766
0.305195
0.220779
0.272727
0.305195
0.246753
0.246753
0.233766
0.220779
0.253247
0.266234
0.162338
0.207792
0.292208
0.259740
0.214286
0.259740
0.253247
0.207792
0.272727
0.266234
0.220779
0.227273
0.279221
0.214286
0.285714
0.272727
0.292208
0.175325
0.292208
0.155844
0.298701
0.240260
0.214286
0.259740
0.246753
0.311688
0.227273
0.240260
0.266234
0.233766
0.259740
0.246753
0.285714
0.194805
0.253247
0.331169
0.188312
0.363636
0.142857
0.253247
0.214286
0.259740
0.194805
0.272727
0.292208
0.272727
0.240260
0.142857
0.285714
0.201299
0.318182
0.188312
0.240260
0.233766
0.259740
0.214286
0.292208
0.266234
0.279221
0.214286
0.214286
0.292208
0.292208
0.233766
0.240260
0.272727
0.214286
0.292208
0.253247
0.201299
0.227273
0.227273
0.194805
0.220779
0.233766
0.311688
0.240260
0.227273
0.279221
0.233766
0.298701
0.259740
0.240260
0.298701
0.233766
