0.190722
0.262887
0.185567
0.211340
0.185567
0.180412
0.268041
0.185567
0.180412
0.201031
0.237113
0.288660
0.201031
0.190722
0.273196
0.175258
0.159794
0.201031
0.252577
0.226804
0.231959
0.262887
0.221649
0.242268
0.185567
0.164948
0.216495
0.201031
0.221649
0.159794
0.231959
0.180412
0.185567
0.180412
0.262887
0.185567
0.180412
0.226804
0.252577
0.180412
0.273196
0.262887
0.175258
0.211340
0.185567
0.201031
0.262887
0.180412
0.195876
0.195876
0.180412
0.201031
0.190722
0.242268
0.175258
0.206186
0.231959
0.201031
0.278351
0.190722
0.175258
0.211340
0.268041
0.211340
0.164948
0.211340
0.175258
0.226804
0.195876
0.185567
0.298969
0.154639
0.180412
0.242268
0.170103
0.211340
0.180412
0.185567
0.226804
0.201031
0.211340
0.154639
0.252577
0.201031
0.257732
0.195876
0.211340
0.175258
0.252577
0.268041
0.314433
0.195876
0.206186
0.211340
0.170103
0.185567
0.216495
0.201031
0.190722
0.211340
0.221649
0.206186
0.268041
0.216495
0.206186
0.180412
0.226804
0.201031
0.180412
0.221649
0.195876
0.247423
0.185567
0.180412
0.185567
0.201031
0.211340
0.293814
0.175258
0.190722
0.252577
0.185567
0.195876
0.257732
0.170103
0.190722
0.164948
0.180412
0.190722
0.159794
0.190722
0.247423
0.170103
0.180412
0.216495
0.231959
0.201031
0.180412
0.195876
0.231959
0.226804
0.180412
0.257732
0.221649
0.201031
0.190722
0.206186
0.242268
0.216495
0.252577
0.175258
0.226804
0.201031
0.164948
0.185567
0.164948
0.211340
0.221649
0.206186
0.190722
0.273196
0.268041
0.216495
0.211340
0.185567
0.185567
0.170103
0.185567
0.216495
0.170103
0.185567
0.190722
0.226804
0.175258
0.211340
0.216495
0.226804
0.268041
0.185567
0.257732
0.195876
0.237113
0.159794
0.257732
0.216495
0.237113
0.226804
0.195876
0.190722
0.195876
0.221649
0.195876
0.216495
0.175258
0.195876
0.159794
0.201031
0.190722
0.134021
0.170103
0.170103
0.164948
0.231959
0.247423
0.257732
0.175258
0.170103
0.247423
0.231959
0.154639
0.159794
0.185567
0.278351
0.242268
0.195876
0.268041
0.237113
0.195876
0.195876
0.201031
0.170103
0.268041
0.252577
0.170103
0.252577
0.185567
0.190722
0.231959
0.180412
0.195876
0.195876
0.221649
0.226804
0.180412
0.164948
0.154639
0.195876
0.170103
0.201031
0.159794
0.159794
0.195876
0.175258
0.242268
0.216495
0.180412
0.170103
0.190722
0.190722
0.268041
0.221649
0.216495
0.185567
0.180412
0.185567
0.180412
0.170103
0.159794
0.237113
0.242268
0.221649
0.211340
0.242268
0.231959
0.237113
0.298969
0.144330
0.195876
0.201031
0.288660
0.180412
0.159794
0.190722
0.206186
0.237113
0.242268
0.185567
0.309278
0.211340
0.252577
0.164948
0.190722
0.247423
0.180412
0.211340
0.154639
0.190722
0.175258
0.164948
0.159794
0.185567
0.201031
0.190722
0.206186
0.180412
0.185567
0.175258
0.164948
0.237113
0.216495
