0.233766
0.188312
0.240260
0.227273
0.259740
0.214286
0.246753
0.175325
0.201299
0.240260
0.240260
0.201299
0.175325
0.207792
0.214286
0.201299
0.175325
0.168831
0.272727
0.214286
0.188312
0.155844
0.207792
0.220779
0.188312
0.233766
0.162338
0.168831
0.233766
0.168831
0.175325
0.220779
0.246753
0.162338
0.253247
0.188312
0.194805
0.188312
0.201299
0.214286
0.194805
0.259740
0.253247
0.155844
0.201299
0.233766
0.214286
0.214286
0.162338
0.201299
0.207792
0.175325
0.175325
0.253247
0.227273
0.194805
0.240260
0.188312
0.181818
0.279221
0.220779
0.194805
0.214286
0.220779
0.220779
0.253247
0.214286
0.272727
0.181818
0.194805
0.181818
0.259740
0.181818
0.240260
0.233766
0.149351
0.220779
0.181818
0.227273
0.227273
0.246753
0.175325
0.188312
0.181818
0.233766
0.188312
0.181818
0.240260
0.253247
0.188312
0.207792
0.162338
0.207792
0.233766
0.240260
0.233766
0.181818
0.214286
0.201299
0.227273
0.155844
0.285714
0.175325
0.279221
0.194805
0.246753
0.188312
0.285714
0.201299
0.214286
0.220779
0.194805
0.240260
0.227273
0.266234
0.259740
0.188312
0.181818
0.253247
0.181818
0.227273
0.194805
0.253247
0.233766
0.194805
0.188312
0.194805
0.246753
0.188312
0.227273
0.279221
0.253247
0.259740
0.207792
0.194805
0.272727
0.227273
0.214286
0.201299
0.272727
0.194805
0.214286
0.201299
0.233766
0.318182
0.194805
0.188312
0.240260
0.194805
0.201299
0.240260
0.181818
0.233766
0.168831
0.181818
0.253247
0.188312
0.181818
0.188312
0.214286
0.266234
0.181818
0.246753
0.214286
0.214286
0.181818
0.162338
0.201299
0.201299
0.168831
0.188312
0.207792
0.142857
0.233766
0.123377
0.181818
0.188312
0.266234
0.194805
0.168831
0.233766
0.298701
0.188312
0.181818
0.188312
0.246753
0.227273
0.240260
0.227273
0.214286
0.188312
0.188312
0.194805
0.188312
0.162338
0.168831
0.207792
0.194805
0.142857
0.253247
0.233766
0.214286
0.227273
0.194805
0.201299
0.194805
0.188312
0.246753
0.272727
0.227273
0.175325
0.175325
0.155844
0.214286
0.279221
0.194805
0.194805
0.233766
0.181818
0.220779
0.175325
0.246753
0.201299
0.181818
0.181818
0.201299
0.233766
0.227273
0.285714
0.240260
0.181818
0.227273
0.168831
0.246753
0.214286
0.227273
0.246753
0.181818
0.168831
0.246753
0.233766
0.175325
0.155844
0.149351
0.201299
0.201299
0.181818
0.246753
0.175325
0.279221
0.292208
0.181818
0.285714
0.214286
0.175325
0.162338
0.298701
0.207792
0.214286
0.227273
0.246753
0.207792
0.194805
0.220779
0.188312
0.292208
0.201299
0.194805
0.207792
0.253247
0.188312
0.227273
0.259740
0.175325
0.227273
0.240260
0.227273
0.272727
0.188312
0.214286
0.201299
0.220779
0.253247
0.188312
0.188312
0.207792
0.201299
0.162338
0.240260
0.194805
0.233766
0.201299
0.214286
0.149351
0.233766
0.292208
0.201299
0.240260
0.233766
0.240260
