0.763158
0.754386
0.675439
0.552632
0.456140
0.570175
0.201754
0.807018
0.254386
0.307018
0.184211
0.219298
0.210526
0.157895
0.184211
0.236842
0.763158
0.631579
0.149123
0.631579
0.491228
0.219298
0.728070
0.114035
0.307018
0.631579
0.271930
0.719298
0.333333
0.491228
0.228070
0.157895
0.184211
0.157895
0.684211
0.245614
0.201754
0.447368
0.771930
0.605263
0.385965
0.122807
0.333333
0.701754
0.456140
0.482456
0.842105
0.192982
0.464912
0.149123
0.394737
0.438596
0.666667
0.157895
0.745614
0.140351
0.482456
0.342105
0.219298
0.333333
0.245614
0.543860
0.394737
0.201754
0.210526
0.666667
0.192982
0.263158
0.763158
0.359649
0.298246
0.324561
0.236842
0.157895
0.403509
0.175439
0.166667
0.131579
0.368421
0.394737
0.500000
0.368421
0.666667
0.561404
0.403509
0.307018
0.596491
0.175439
0.666667
0.701754
0.289474
0.605263
0.192982
0.535088
0.614035
0.166667
0.640351
0.254386
0.333333
0.122807
0.763158
0.350877
0.385965
0.666667
0.684211
0.377193
0.333333
0.745614
0.833333
0.710526
0.192982
0.657895
0.771930
0.543860
0.377193
0.333333
0.614035
0.824561
0.192982
0.482456
0.456140
0.219298
0.157895
0.236842
0.157895
0.149123
0.166667
0.228070
0.149123
0.114035
0.140351
0.219298
0.192982
0.649123
0.333333
0.631579
0.359649
0.394737
0.464912
0.684211
0.271930
0.622807
0.333333
0.491228
0.596491
0.201754
0.359649
0.236842
0.175439
0.210526
0.464912
0.192982
0.122807
0.175439
0.157895
0.219298
0.666667
0.798246
0.675439
0.631579
0.429825
0.570175
0.675439
0.570175
0.184211
0.359649
0.561404
0.789474
0.131579
0.377193
0.412281
0.192982
0.131579
0.149123
0.175439
0.149123
0.210526
0.166667
0.228070
0.578947
0.719298
0.859649
0.438596
0.745614
0.736842
0.500000
0.219298
0.149123
0.710526
0.570175
0.500000
0.157895
0.631579
0.175439
0.192982
0.184211
0.254386
0.122807
0.210526
0.166667
0.175439
0.464912
0.157895
0.807018
0.429825
0.763158
0.333333
0.377193
0.807018
0.701754
0.815789
0.500000
0.543860
0.561404
0.263158
0.421053
0.403509
0.157895
0.184211
0.201754
0.517544
0.184211
0.201754
0.228070
0.192982
0.184211
0.403509
0.780702
0.350877
0.482456
0.359649
0.271930
0.640351
0.333333
0.315789
0.333333
0.385965
0.578947
0.166667
0.245614
0.140351
0.157895
0.192982
0.307018
0.192982
0.149123
0.201754
0.210526
0.184211
0.157895
0.587719
0.184211
0.517544
0.403509
0.675439
0.175439
0.701754
0.157895
0.271930
0.675439
0.701754
0.210526
0.157895
0.131579
0.149123
0.201754
0.271930
0.210526
0.175439
0.157895
0.166667
0.438596
0.140351
0.684211
0.333333
0.605263
0.228070
0.412281
0.175439
0.175439
0.184211
0.149123
0.447368
0.649123
0.175439
0.201754
0.219298
0.219298
0.622807
0.157895
0.254386
0.175439
0.228070
0.157895
0.166667
0.184211
0.666667
0.228070
0.447368
0.359649
