0.597015
0.507463
0.559701
0.201493
0.328358
0.335821
0.343284
0.186567
0.223881
0.194030
0.335821
0.171642
0.186567
0.694030
0.164179
0.186567
0.171642
0.194030
0.410448
0.141791
0.537313
0.619403
0.208955
0.179104
0.701493
0.194030
0.679104
0.335821
0.156716
0.164179
0.402985
0.223881
0.716418
0.343284
0.186567
0.201493
0.701493
0.582090
0.447761
0.410448
0.164179
0.149254
0.298507
0.268657
0.223881
0.201493
0.119403
0.156716
0.156716
0.186567
0.164179
0.134328
0.186567
0.276119
0.194030
0.186567
0.238806
0.194030
0.134328
0.104478
0.164179
0.238806
0.134328
0.201493
0.141791
0.365672
0.216418
0.358209
0.440299
0.141791
0.111940
0.156716
0.201493
0.216418
0.216418
0.186567
0.500000
0.462687
0.388060
0.223881
0.179104
0.216418
0.201493
0.208955
0.149254
0.119403
0.186567
0.141791
0.686567
0.119403
0.223881
0.358209
0.171642
0.179104
0.164179
0.141791
0.179104
0.186567
0.216418
0.238806
0.141791
0.201493
0.186567
0.186567
0.201493
0.179104
0.194030
0.171642
0.171642
0.223881
0.156716
0.335821
0.164179
0.813433
0.395522
0.231343
0.156716
0.216418
0.171642
0.164179
0.171642
0.164179
0.156716
0.179104
0.171642
0.156716
0.164179
0.201493
0.149254
0.164179
0.134328
0.171642
0.171642
0.216418
0.597015
0.194030
0.529851
0.261194
0.156716
0.201493
0.164179
0.164179
0.171642
0.179104
0.171642
0.194030
0.194030
0.164179
0.149254
0.179104
0.164179
0.164179
0.171642
0.179104
0.111940
0.179104
0.201493
0.171642
0.671642
0.149254
0.768657
0.552239
0.201493
0.179104
0.171642
0.119403
0.179104
0.186567
0.171642
0.201493
0.164179
0.186567
0.194030
0.164179
0.156716
0.216418
0.186567
0.111940
0.186567
0.216418
0.223881
0.194030
0.246269
0.544776
0.365672
0.350746
0.208955
0.201493
0.201493
0.186567
0.156716
0.141791
0.141791
0.156716
0.171642
0.186567
0.253731
0.194030
0.149254
0.186567
0.156716
0.186567
0.208955
0.179104
0.134328
0.141791
0.358209
0.753731
0.335821
0.201493
0.179104
0.186567
0.194030
0.164179
0.186567
0.141791
0.149254
0.164179
0.201493
0.126866
0.179104
0.201493
0.253731
0.134328
0.201493
0.186567
0.156716
0.179104
0.179104
0.410448
0.171642
0.358209
0.171642
0.119403
0.164179
0.179104
0.179104
0.149254
0.194030
0.171642
0.171642
0.119403
0.179104
0.119403
0.186567
0.164179
0.134328
0.208955
0.156716
0.186567
0.141791
0.179104
0.186567
0.604478
0.335821
0.335821
0.171642
0.201493
0.126866
0.149254
0.134328
0.223881
0.186567
0.179104
0.149254
0.179104
0.134328
0.194030
0.186567
0.186567
0.164179
0.156716
0.171642
0.186567
0.231343
0.171642
0.208955
0.149254
0.820896
0.432836
0.186567
0.186567
0.186567
0.134328
0.179104
0.208955
0.186567
0.156716
0.201493
0.156716
0.194030
0.216418
0.164179
0.216418
0.186567
0.171642
0.201493
0.179104
0.186567
0.604478
