0.247423
0.195876
0.247423
0.164948
0.170103
0.268041
0.257732
0.231959
0.283505
0.216495
0.159794
0.221649
0.175258
0.216495
0.139175
0.345361
0.195876
0.257732
0.216495
0.180412
0.180412
0.190722
0.195876
0.206186
0.206186
0.195876
0.185567
0.159794
0.190722
0.180412
0.221649
0.231959
0.237113
0.247423
0.247423
0.195876
0.221649
0.164948
0.216495
0.190722
0.185567
0.257732
0.242268
0.201031
0.211340
0.206186
0.185567
0.201031
0.175258
0.190722
0.206186
0.170103
0.190722
0.237113
0.206186
0.231959
0.211340
0.201031
0.154639
0.237113
0.159794
0.190722
0.211340
0.170103
0.185567
0.211340
0.190722
0.195876
0.170103
0.242268
0.216495
0.201031
0.185567
0.206186
0.195876
0.201031
0.175258
0.201031
0.237113
0.206186
0.175258
0.190722
0.221649
0.231959
0.262887
0.149485
0.211340
0.175258
0.159794
0.221649
0.190722
0.226804
0.164948
0.180412
0.206186
0.190722
0.180412
0.206186
0.190722
0.175258
0.180412
0.185567
0.170103
0.201031
0.206186
0.190722
0.164948
0.185567
0.226804
0.190722
0.221649
0.170103
0.201031
0.201031
0.164948
0.164948
0.144330
0.185567
0.164948
0.206186
0.175258
0.190722
0.231959
0.195876
0.170103
0.221649
0.237113
0.221649
0.211340
0.180412
0.190722
0.164948
0.190722
0.247423
0.180412
0.175258
0.257732
0.257732
0.252577
0.211340
0.180412
0.195876
0.201031
0.216495
0.237113
0.231959
0.195876
0.190722
0.206186
0.170103
0.216495
0.211340
0.221649
0.206186
0.237113
0.201031
0.206186
0.170103
0.257732
0.216495
0.216495
0.221649
0.206186
0.231959
0.190722
0.175258
0.216495
0.190722
0.180412
0.170103
0.231959
0.190722
0.242268
0.185567
0.211340
0.159794
0.216495
0.185567
0.242268
0.257732
0.283505
0.170103
0.211340
0.221649
0.180412
0.211340
0.180412
0.252577
0.154639
0.273196
0.216495
0.195876
0.201031
0.185567
0.159794
0.206186
0.154639
0.211340
0.226804
0.247423
0.164948
0.170103
0.190722
0.195876
0.159794
0.180412
0.149485
0.226804
0.226804
0.216495
0.175258
0.231959
0.164948
0.221649
0.201031
0.185567
0.154639
0.190722
0.190722
0.201031
0.149485
0.242268
0.242268
0.216495
0.190722
0.195876
0.164948
0.180412
0.170103
0.216495
0.201031
0.159794
0.231959
0.226804
0.195876
0.226804
0.242268
0.195876
0.195876
0.185567
0.164948
0.237113
0.201031
0.149485
0.247423
0.221649
0.195876
0.180412
0.159794
0.252577
0.237113
0.170103
0.139175
0.195876
0.273196
0.231959
0.221649
0.211340
0.278351
0.195876
0.216495
0.159794
0.170103
0.149485
0.201031
0.278351
0.201031
0.190722
0.221649
0.206186
0.164948
0.144330
0.195876
0.206186
0.252577
0.201031
0.201031
0.221649
0.206186
0.247423
0.216495
0.206186
0.164948
0.211340
0.231959
0.242268
0.237113
0.206186
0.195876
0.262887
0.154639
0.154639
0.164948
0.231959
0.180412
0.180412
0.201031
0.185567
0.190722
0.242268
