0.331169
0.194805
0.655844
0.175325
0.201299
0.129870
0.668831
0.194805
0.168831
0.181818
0.201299
0.331169
0.123377
0.168831
0.253247
0.194805
0.331169
0.337662
0.181818
0.168831
0.162338
0.272727
0.155844
0.175325
0.331169
0.175325
0.448052
0.428571
0.201299
0.168831
0.175325
0.331169
0.201299
0.188312
0.389610
0.207792
0.142857
0.422078
0.194805
0.331169
0.610390
0.175325
0.233766
0.129870
0.331169
0.181818
0.155844
0.337662
0.201299
0.668831
0.292208
0.214286
0.181818
0.175325
0.181818
0.194805
0.149351
0.272727
0.181818
0.331169
0.233766
0.155844
0.162338
0.194805
0.324675
0.136364
0.149351
0.409091
0.194805
0.266234
0.272727
0.194805
0.331169
0.331169
0.350649
0.129870
0.201299
0.331169
0.168831
0.175325
0.214286
0.149351
0.331169
0.220779
0.155844
0.155844
0.175325
0.227273
0.240260
0.168831
0.324675
0.136364
0.331169
0.259740
0.188312
0.181818
0.168831
0.467532
0.175325
0.168831
0.201299
0.155844
0.331169
0.383117
0.175325
0.175325
0.181818
0.240260
0.181818
0.201299
0.357143
0.175325
0.331169
0.668831
0.175325
0.214286
0.175325
0.441558
0.155844
0.162338
0.285714
0.142857
0.331169
0.363636
0.168831
0.181818
0.155844
0.337662
0.181818
0.175325
0.337662
0.188312
0.331169
0.331169
0.188312
0.331169
0.363636
0.337662
0.168831
0.188312
0.233766
0.155844
0.207792
0.331169
0.168831
0.331169
0.409091
0.194805
0.142857
0.207792
0.331169
0.142857
0.162338
0.337662
0.181818
0.331169
0.344156
0.175325
0.194805
0.149351
0.357143
0.155844
0.181818
0.285714
0.181818
0.331169
0.331169
0.181818
0.168831
0.168831
0.324675
0.181818
0.188312
0.318182
0.149351
0.331169
0.331169
0.155844
0.201299
0.136364
0.233766
0.201299
0.168831
0.331169
0.149351
0.331169
0.357143
0.220779
0.188312
0.194805
0.272727
0.162338
0.181818
0.298701
0.155844
0.331169
0.233766
0.227273
0.201299
0.188312
0.214286
0.194805
0.181818
0.331169
0.220779
0.331169
0.331169
0.181818
0.155844
0.188312
0.376623
0.181818
0.168831
0.214286
0.149351
0.331169
0.220779
0.220779
0.201299
0.129870
0.207792
0.201299
0.155844
0.272727
0.214286
0.668831
0.337662
0.175325
0.331169
0.331169
0.305195
0.201299
0.129870
0.422078
0.168831
0.175325
0.331169
0.188312
0.331169
0.558442
0.142857
0.142857
0.149351
0.350649
0.194805
0.168831
0.337662
0.233766
0.331169
0.337662
0.207792
0.181818
0.175325
0.155844
0.214286
0.194805
0.305195
0.194805
0.331169
0.246753
0.149351
0.214286
0.168831
0.305195
0.207792
0.188312
0.272727
0.181818
0.331169
0.331169
0.181818
0.181818
0.194805
0.344156
0.188312
0.188312
0.337662
0.207792
0.331169
0.311688
0.181818
0.175325
0.233766
0.357143
0.149351
0.129870
0.428571
0.129870
0.331169
0.357143
0.155844
0.149351
0.168831
0.331169
0.207792
0.175325
0.181818
0.188312
0.331169
0.168831
