0.201493
0.186567
0.246269
0.246269
0.216418
0.246269
0.194030
0.246269
0.246269
0.276119
0.246269
0.171642
0.186567
0.171642
0.223881
0.223881
0.246269
0.171642
0.201493
0.186567
0.231343
0.216418
0.208955
0.156716
0.119403
0.186567
0.261194
0.194030
0.186567
0.246269
0.164179
0.208955
0.238806
0.141791
0.223881
0.179104
0.283582
0.208955
0.194030
0.231343
0.216418
0.231343
0.261194
0.208955
0.246269
0.208955
0.268657
0.186567
0.261194
0.223881
0.201493
0.126866
0.238806
0.216418
0.223881
0.231343
0.208955
0.149254
0.283582
0.261194
0.223881
0.171642
0.231343
0.320896
0.216418
0.201493
0.246269
0.238806
0.186567
0.216418
0.246269
0.223881
0.238806
0.246269
0.201493
0.223881
0.223881
0.179104
0.171642
0.141791
0.231343
0.164179
0.216418
0.268657
0.216418
0.223881
0.216418
0.186567
0.208955
0.164179
0.231343
0.231343
0.231343
0.194030
0.179104
0.238806
0.201493
0.194030
0.238806
0.216418
0.231343
0.253731
0.291045
0.201493
0.231343
0.261194
0.179104
0.208955
0.216418
0.246269
0.194030
0.223881
0.246269
0.268657
0.171642
0.179104
0.194030
0.253731
0.216418
0.216418
0.186567
0.186567
0.231343
0.186567
0.246269
0.194030
0.164179
0.216418
0.238806
0.246269
0.261194
0.171642
0.253731
0.141791
0.208955
0.238806
0.246269
0.216418
0.216418
0.223881
0.194030
0.216418
0.208955
0.216418
0.268657
0.186567
0.208955
0.194030
0.194030
0.231343
0.223881
0.208955
0.208955
0.231343
0.216418
0.201493
0.238806
0.201493
0.186567
0.201493
0.186567
0.268657
0.238806
0.179104
0.194030
0.171642
0.231343
0.223881
0.216418
0.231343
0.208955
0.186567
0.238806
0.179104
0.246269
0.171642
0.261194
0.246269
0.268657
0.208955
0.231343
0.223881
0.186567
0.208955
0.156716
0.194030
0.179104
0.231343
0.253731
0.253731
0.216418
0.238806
0.194030
0.231343
0.231343
0.194030
0.246269
0.208955
0.194030
0.186567
0.201493
0.231343
0.231343
0.253731
0.276119
0.164179
0.208955
0.223881
0.179104
0.223881
0.238806
0.246269
0.179104
0.201493
0.156716
0.246269
0.238806
0.208955
0.231343
0.201493
0.208955
0.216418
0.223881
0.268657
0.201493
0.208955
0.149254
0.194030
0.223881
0.208955
0.231343
0.201493
0.261194
0.208955
0.186567
0.276119
0.186567
0.186567
0.253731
0.201493
0.179104
0.231343
0.253731
0.246269
0.156716
0.238806
0.208955
0.276119
0.201493
0.208955
0.194030
0.186567
0.276119
0.238806
0.261194
0.238806
0.231343
0.201493
0.201493
0.201493
0.171642
0.216418
0.216418
0.156716
0.208955
0.171642
0.201493
0.268657
0.216418
0.253731
0.238806
0.238806
0.194030
0.216418
0.194030
0.261194
0.208955
0.179104
0.223881
0.201493
0.194030
0.186567
0.201493
0.156716
0.179104
0.141791
0.283582
0.261194
0.238806
0.216418
0.194030
0.194030
0.208955
0.253731
0.238806
0.201493
0.238806
0.246269
0.194030
0.238806
