0.335052
0.335052
0.335052
0.335052
0.335052
0.335052
0.335052
0.664948
0.335052
0.335052
0.335052
0.335052
0.335052
0.335052
0.175258
0.180412
0.664948
0.335052
0.664948
0.335052
0.335052
0.335052
0.335052
0.592784
0.335052
0.335052
0.335052
0.335052
0.335052
0.335052
0.335052
0.335052
0.335052
0.335052
0.335052
0.335052
0.335052
0.335052
0.335052
0.335052
0.335052
0.335052
0.335052
0.335052
0.664948
0.335052
0.335052
0.335052
0.335052
0.335052
0.335052
0.335052
0.335052
0.335052
0.335052
0.335052
0.664948
0.335052
0.335052
0.335052
0.335052
0.335052
0.335052
0.335052
0.335052
0.335052
0.335052
0.422680
0.664948
0.335052
0.335052
0.335052
0.664948
0.335052
0.335052
0.180412
0.335052
0.335052
0.335052
0.335052
0.335052
0.335052
0.164948
0.335052
0.159794
0.335052
0.335052
0.335052
0.335052
0.335052
0.664948
0.335052
0.335052
0.335052
0.335052
0.335052
0.335052
0.701031
0.664948
0.335052
0.335052
0.664948
0.335052
0.335052
0.335052
0.664948
0.335052
0.335052
0.335052
0.335052
0.335052
0.335052
0.335052
0.335052
0.664948
0.335052
0.335052
0.664948
0.664948
0.335052
0.335052
0.335052
0.335052
0.335052
0.335052
0.386598
0.335052
0.335052
0.335052
0.335052
0.335052
0.335052
0.335052
0.335052
0.335052
0.335052
0.195876
0.180412
0.335052
0.335052
0.335052
0.335052
0.237113
0.335052
0.335052
0.335052
0.335052
0.664948
0.551546
0.664948
0.335052
0.335052
0.335052
0.335052
0.664948
0.335052
0.335052
0.335052
0.335052
0.335052
0.335052
0.664948
0.664948
0.335052
0.335052
0.335052
0.335052
0.335052
0.335052
0.335052
0.335052
0.335052
0.350515
0.335052
0.335052
0.335052
0.664948
0.664948
0.335052
0.335052
0.335052
0.335052
0.335052
0.335052
0.427835
0.335052
0.335052
0.664948
0.335052
0.335052
0.335052
0.335052
0.335052
0.664948
0.335052
0.335052
0.335052
0.170103
0.335052
0.335052
0.335052
0.335052
0.335052
0.335052
0.335052
0.335052
0.335052
0.664948
0.335052
0.335052
0.335052
0.335052
0.226804
0.335052
0.335052
0.335052
0.726804
0.335052
0.474227
0.335052
0.335052
0.335052
0.335052
0.335052
0.335052
0.335052
0.335052
0.335052
0.335052
0.335052
0.335052
0.335052
0.335052
0.335052
0.335052
0.335052
0.489691
0.664948
0.664948
0.335052
0.335052
0.335052
0.664948
0.335052
0.335052
0.335052
0.335052
0.335052
0.664948
0.664948
0.824742
0.335052
0.335052
0.335052
0.335052
0.335052
0.664948
0.335052
0.180412
0.252577
0.335052
0.335052
0.335052
0.335052
0.335052
0.335052
0.335052
0.335052
0.335052
0.335052
0.335052
0.335052
0.335052
0.335052
0.335052
0.335052
0.335052
0.335052
0.335052
0.664948
0.335052
0.335052
0.664948
0.335052
0.335052
0.335052
0.335052
0.335052
0.335052
0.335052
0.335052
0.335052
0.335052
0.664948
0.335052
0.335052
0.335052
0.335052
0.335052
0.335052
