0.201031
0.154639
0.154639
0.216495
0.144330
0.216495
0.201031
0.206186
0.149485
0.154639
0.221649
0.149485
0.159794
0.134021
0.154639
0.185567
0.149485
0.149485
0.144330
0.164948
0.154639
0.144330
0.170103
0.159794
0.154639
0.139175
0.159794
0.154639
0.144330
0.139175
0.159794
0.211340
0.159794
0.175258
0.206186
0.206186
0.164948
0.159794
0.134021
0.113402
0.175258
0.159794
0.159794
0.185567
0.164948
0.170103
0.108247
0.206186
0.190722
0.180412
0.185567
0.170103
0.139175
0.149485
0.195876
0.149485
0.149485
0.164948
0.164948
0.190722
0.221649
0.190722
0.164948
0.103093
0.139175
0.180412
0.154639
0.159794
0.154639
0.144330
0.185567
0.226804
0.190722
0.164948
0.164948
0.195876
0.211340
0.154639
0.139175
0.190722
0.190722
0.180412
0.175258
0.216495
0.159794
0.154639
0.144330
0.159794
0.154639
0.164948
0.154639
0.144330
0.144330
0.149485
0.139175
0.159794
0.154639
0.123711
0.185567
0.175258
0.185567
0.149485
0.149485
0.175258
0.164948
0.134021
0.154639
0.159794
0.139175
0.144330
0.201031
0.180412
0.154639
0.216495
0.170103
0.154639
0.185567
0.201031
0.149485
0.149485
0.190722
0.139175
0.149485
0.128866
0.154639
0.190722
0.170103
0.154639
0.164948
0.149485
0.139175
0.175258
0.211340
0.206186
0.201031
0.154639
0.154639
0.201031
0.190722
0.159794
0.170103
0.190722
0.128866
0.159794
0.190722
0.159794
0.149485
0.180412
0.164948
0.180412
0.164948
0.164948
0.149485
0.144330
0.144330
0.139175
0.134021
0.154639
0.139175
0.195876
0.139175
0.159794
0.164948
0.175258
0.154639
0.149485
0.149485
0.170103
0.154639
0.180412
0.164948
0.144330
0.247423
0.159794
0.159794
0.170103
0.195876
0.164948
0.195876
0.144330
0.154639
0.149485
0.180412
0.159794
0.134021
0.154639
0.221649
0.170103
0.154639
0.190722
0.164948
0.164948
0.128866
0.170103
0.185567
0.128866
0.164948
0.118557
0.170103
0.170103
0.154639
0.128866
0.170103
0.242268
0.139175
0.175258
0.170103
0.201031
0.159794
0.164948
0.175258
0.164948
0.175258
0.211340
0.247423
0.201031
0.195876
0.159794
0.139175
0.180412
0.221649
0.144330
0.175258
0.154639
0.123711
0.154639
0.154639
0.170103
0.216495
0.154639
0.170103
0.170103
0.170103
0.170103
0.175258
0.154639
0.211340
0.185567
0.159794
0.159794
0.237113
0.139175
0.206186
0.175258
0.190722
0.154639
0.144330
0.170103
0.154639
0.139175
0.149485
0.134021
0.216495
0.170103
0.144330
0.134021
0.175258
0.154639
0.170103
0.170103
0.154639
0.201031
0.190722
0.108247
0.149485
0.149485
0.185567
0.154639
0.144330
0.154639
0.185567
0.180412
0.154639
0.164948
0.164948
0.175258
0.149485
0.164948
0.206186
0.185567
0.164948
0.231959
0.144330
0.164948
0.221649
0.149485
0.175258
0.164948
0.154639
0.164948
0.144330
0.180412
0.139175
0.154639
0.139175
0.134021
0.159794
0.159794
0.139175
0.134021
