0.235632
0.258621
0.247126
0.321839
0.356322
0.281609
0.264368
0.287356
0.304598
0.270115
0.304598
0.339080
0.321839
0.304598
0.362069
0.350575
0.413793
0.350575
0.373563
0.258621
0.298851
0.247126
0.327586
0.298851
0.298851
0.275862
0.327586
0.270115
0.229885
0.275862
0.270115
0.356322
0.270115
0.281609
0.293103
0.321839
0.310345
0.327586
0.287356
0.339080
0.258621
0.235632
0.212644
0.304598
0.339080
0.316092
0.287356
0.252874
0.270115
0.287356
0.281609
0.350575
0.293103
0.356322
0.316092
0.201149
0.339080
0.264368
0.327586
0.344828
0.344828
0.390805
0.333333
0.281609
0.356322
0.264368
0.321839
0.413793
0.293103
0.362069
0.327586
0.229885
0.316092
0.224138
0.252874
0.252874
0.252874
0.258621
0.436782
0.275862
0.264368
0.287356
0.333333
0.241379
0.252874
0.293103
0.304598
0.321839
0.339080
0.304598
0.252874
0.304598
0.270115
0.298851
0.189655
0.316092
0.327586
0.270115
0.247126
0.201149
0.206897
0.235632
0.310345
0.471264
0.321839
0.206897
0.241379
0.310345
0.339080
0.356322
0.235632
0.293103
0.327586
0.293103
0.356322
0.247126
0.264368
0.270115
0.390805
0.367816
0.229885
0.235632
0.339080
0.264368
0.367816
0.241379
0.275862
0.264368
0.241379
0.298851
0.344828
0.310345
0.247126
0.275862
0.270115
0.189655
0.275862
0.258621
0.339080
0.201149
0.310345
0.304598
0.281609
0.339080
0.287356
0.350575
0.281609
0.293103
0.270115
0.367816
0.247126
0.373563
0.379310
0.287356
0.356322
0.281609
0.298851
0.333333
0.275862
0.350575
0.321839
0.379310
0.206897
0.298851
0.281609
0.408046
0.293103
0.298851
0.293103
0.304598
0.304598
0.339080
0.321839
0.298851
0.321839
0.339080
0.281609
0.293103
0.362069
0.408046
0.287356
0.373563
0.241379
0.212644
0.321839
0.356322
0.281609
0.310345
0.367816
0.327586
0.281609
0.333333
0.293103
0.316092
0.304598
0.333333
0.270115
0.350575
0.316092
0.218391
0.304598
0.344828
0.344828
0.350575
0.275862
0.293103
0.356322
0.293103
0.402299
0.241379
0.431034
0.419540
0.206897
0.339080
0.327586
0.298851
0.270115
0.327586
0.298851
0.235632
0.316092
0.224138
0.413793
0.339080
0.304598
0.293103
0.316092
0.310345
0.362069
0.275862
0.287356
0.362069
0.229885
0.298851
0.275862
0.333333
0.344828
0.235632
0.287356
0.275862
0.350575
0.293103
0.390805
0.339080
0.287356
0.206897
0.321839
0.270115
0.293103
0.339080
0.316092
0.339080
0.344828
0.275862
0.252874
0.293103
0.344828
0.298851
0.229885
0.344828
0.287356
0.350575
0.367816
0.218391
0.321839
0.287356
0.304598
0.258621
0.316092
0.293103
0.396552
0.229885
0.304598
0.339080
0.316092
0.321839
0.321839
0.298851
0.281609
0.316092
0.310345
0.304598
0.252874
0.293103
0.195402
0.454023
0.350575
0.333333
0.270115
0.304598
0.327586
0.229885
0.235632
0.212644
0.293103
0.281609
0.247126
0.379310
0.373563
0.247126
