0.664948
0.216495
0.231959
0.211340
0.144330
0.175258
0.226804
0.201031
0.221649
0.190722
0.175258
0.175258
0.164948
0.247423
0.139175
0.278351
0.211340
0.335052
0.371134
0.195876
0.335052
0.154639
0.231959
0.201031
0.185567
0.195876
0.659794
0.180412
0.201031
0.164948
0.237113
0.190722
0.438144
0.170103
0.221649
0.206186
0.211340
0.164948
0.670103
0.175258
0.175258
0.278351
0.664948
0.479381
0.345361
0.206186
0.175258
0.262887
0.180412
0.180412
0.201031
0.180412
0.185567
0.242268
0.257732
0.443299
0.180412
0.211340
0.164948
0.237113
0.149485
0.201031
0.175258
0.175258
0.164948
0.206186
0.170103
0.572165
0.139175
0.190722
0.159794
0.159794
0.226804
0.170103
0.175258
0.190722
0.164948
0.479381
0.762887
0.201031
0.190722
0.180412
0.221649
0.185567
0.247423
0.164948
0.211340
0.154639
0.231959
0.216495
0.505155
0.180412
0.149485
0.195876
0.190722
0.237113
0.185567
0.278351
0.206186
0.154639
0.195876
0.216495
0.170103
0.195876
0.216495
0.242268
0.164948
0.216495
0.170103
0.164948
0.190722
0.159794
0.175258
0.324742
0.149485
0.195876
0.159794
0.170103
0.159794
0.216495
0.175258
0.159794
0.206186
0.180412
0.164948
0.242268
0.221649
0.211340
0.216495
0.185567
0.164948
0.170103
0.180412
0.180412
0.211340
0.314433
0.484536
0.211340
0.226804
0.257732
0.206186
0.206186
0.201031
0.195876
0.175258
0.242268
0.206186
0.195876
0.201031
0.170103
0.185567
0.216495
0.247423
0.175258
0.185567
0.175258
0.139175
0.190722
0.247423
0.458763
0.634021
0.201031
0.180412
0.201031
0.180412
0.180412
0.159794
0.185567
0.185567
0.185567
0.226804
0.201031
0.170103
0.190722
0.159794
0.154639
0.185567
0.185567
0.237113
0.170103
0.185567
0.175258
0.335052
0.190722
0.505155
0.231959
0.170103
0.211340
0.164948
0.273196
0.226804
0.195876
0.252577
0.201031
0.164948
0.175258
0.144330
0.180412
0.170103
0.216495
0.149485
0.170103
0.221649
0.159794
0.154639
0.170103
0.448454
0.216495
0.257732
0.231959
0.159794
0.262887
0.170103
0.211340
0.221649
0.164948
0.159794
0.180412
0.159794
0.195876
0.164948
0.170103
0.226804
0.206186
0.154639
0.170103
0.154639
0.201031
0.190722
0.206186
0.175258
0.283505
0.237113
0.206186
0.170103
0.231959
0.195876
0.201031
0.293814
0.170103
0.139175
0.226804
0.206186
0.144330
0.242268
0.185567
0.206186
0.175258
0.180412
0.216495
0.221649
0.164948
0.190722
0.685567
0.659794
0.474227
0.190722
0.195876
0.293814
0.185567
0.195876
0.170103
0.190722
0.175258
0.201031
0.247423
0.201031
0.190722
0.211340
0.180412
0.149485
0.154639
0.216495
0.195876
0.180412
0.164948
0.242268
0.237113
0.242268
0.231959
0.175258
0.237113
0.185567
0.185567
0.231959
0.149485
0.221649
0.195876
0.190722
0.237113
0.154639
0.170103
0.206186
0.216495
0.216495
0.206186
0.180412
0.175258
0.175258
0.206186
