0.331169
0.389610
0.668831
0.331169
0.181818
0.168831
0.142857
0.629870
0.220779
0.155844
0.422078
0.155844
0.207792
0.324675
0.175325
0.175325
0.162338
0.487013
0.194805
0.532468
0.188312
0.168831
0.181818
0.344156
0.162338
0.370130
0.207792
0.175325
0.181818
0.668831
0.162338
0.305195
0.194805
0.136364
0.168831
0.253247
0.285714
0.493506
0.162338
0.246753
0.668831
0.175325
0.311688
0.285714
0.142857
0.168831
0.188312
0.168831
0.188312
0.175325
0.181818
0.175325
0.181818
0.480519
0.532468
0.636364
0.142857
0.246753
0.188312
0.175325
0.188312
0.162338
0.201299
0.136364
0.467532
0.668831
0.590909
0.181818
0.168831
0.188312
0.181818
0.220779
0.181818
0.181818
0.181818
0.201299
0.175325
0.500000
0.623377
0.168831
0.207792
0.201299
0.181818
0.194805
0.142857
0.129870
0.175325
0.194805
0.155844
0.318182
0.168831
0.233766
0.214286
0.181818
0.188312
0.162338
0.201299
0.149351
0.142857
0.162338
0.168831
0.194805
0.207792
0.168831
0.162338
0.129870
0.181818
0.207792
0.201299
0.233766
0.636364
0.162338
0.331169
0.142857
0.188312
0.227273
0.194805
0.181818
0.188312
0.181818
0.181818
0.201299
0.175325
0.175325
0.207792
0.181818
0.175325
0.188312
0.207792
0.188312
0.311688
0.194805
0.162338
0.155844
0.344156
0.181818
0.668831
0.168831
0.168831
0.155844
0.149351
0.149351
0.188312
0.201299
0.175325
0.214286
0.227273
0.194805
0.188312
0.168831
0.253247
0.214286
0.168831
0.162338
0.149351
0.162338
0.181818
0.402597
0.435065
0.668831
0.149351
0.168831
0.155844
0.227273
0.207792
0.155844
0.220779
0.142857
0.188312
0.142857
0.181818
0.194805
0.136364
0.188312
0.175325
0.188312
0.201299
0.214286
0.188312
0.214286
0.331169
0.344156
0.298701
0.149351
0.149351
0.136364
0.155844
0.188312
0.168831
0.233766
0.233766
0.181818
0.162338
0.188312
0.214286
0.168831
0.168831
0.168831
0.207792
0.162338
0.207792
0.214286
0.188312
0.331169
0.207792
0.214286
0.201299
0.123377
0.181818
0.201299
0.162338
0.168831
0.162338
0.149351
0.201299
0.188312
0.201299
0.162338
0.214286
0.155844
0.175325
0.136364
0.175325
0.201299
0.194805
0.201299
0.188312
0.324675
0.129870
0.668831
0.240260
0.168831
0.155844
0.214286
0.246753
0.129870
0.181818
0.207792
0.142857
0.181818
0.142857
0.162338
0.201299
0.181818
0.240260
0.136364
0.168831
0.168831
0.181818
0.214286
0.142857
0.214286
0.149351
0.331169
0.175325
0.188312
0.155844
0.155844
0.175325
0.168831
0.181818
0.162338
0.181818
0.194805
0.201299
0.149351
0.175325
0.201299
0.201299
0.181818
0.220779
0.207792
0.181818
0.162338
0.168831
0.149351
0.616883
0.668831
0.285714
0.175325
0.214286
0.233766
0.220779
0.194805
0.233766
0.214286
0.155844
0.162338
0.233766
0.136364
0.194805
0.155844
0.194805
0.188312
0.162338
0.201299
0.181818
0.181818
0.474026
0.324675
