0.668831
0.331169
0.331169
0.668831
0.331169
0.155844
0.331169
0.181818
0.616883
0.188312
0.331169
0.668831
0.545455
0.668831
0.162338
0.331169
0.331169
0.331169
0.331169
0.129870
0.668831
0.668831
0.155844
0.188312
0.668831
0.175325
0.331169
0.168831
0.162338
0.500000
0.331169
0.584416
0.331169
0.168831
0.168831
0.175325
0.668831
0.331169
0.168831
0.220779
0.331169
0.714286
0.376623
0.668831
0.285714
0.175325
0.142857
0.837662
0.149351
0.331169
0.181818
0.162338
0.331169
0.142857
0.149351
0.168831
0.668831
0.331169
0.331169
0.331169
0.668831
0.668831
0.168831
0.668831
0.168831
0.175325
0.577922
0.175325
0.162338
0.168831
0.331169
0.162338
0.668831
0.331169
0.331169
0.668831
0.331169
0.201299
0.636364
0.811688
0.162338
0.155844
0.785714
0.837662
0.162338
0.266234
0.331169
0.331169
0.344156
0.857143
0.331169
0.668831
0.168831
0.331169
0.168831
0.772727
0.824675
0.181818
0.149351
0.824675
0.331169
0.480519
0.331169
0.500000
0.168831
0.149351
0.798701
0.162338
0.175325
0.162338
0.181818
0.331169
0.532468
0.668831
0.168831
0.798701
0.331169
0.305195
0.331169
0.668831
0.668831
0.792208
0.162338
0.181818
0.136364
0.162338
0.162338
0.175325
0.155844
0.168831
0.668831
0.668831
0.772727
0.331169
0.175325
0.461039
0.149351
0.181818
0.831169
0.155844
0.175325
0.668831
0.701299
0.441558
0.149351
0.668831
0.162338
0.467532
0.331169
0.668831
0.668831
0.142857
0.181818
0.493506
0.844156
0.331169
0.668831
0.798701
0.188312
0.168831
0.798701
0.331169
0.331169
0.168831
0.564935
0.759740
0.331169
0.155844
0.194805
0.519481
0.590909
0.129870
0.837662
0.175325
0.376623
0.272727
0.798701
0.331169
0.525974
0.668831
0.129870
0.175325
0.129870
0.668831
0.162338
0.824675
0.149351
0.818182
0.844156
0.194805
0.805195
0.331169
0.376623
0.136364
0.668831
0.181818
0.331169
0.194805
0.811688
0.668831
0.142857
0.668831
0.168831
0.331169
0.331169
0.331169
0.331169
0.506494
0.668831
0.668831
0.149351
0.188312
0.493506
0.175325
0.720779
0.668831
0.831169
0.824675
0.740260
0.155844
0.668831
0.480519
0.480519
0.688312
0.149351
0.181818
0.779221
0.181818
0.175325
0.850649
0.668831
0.668831
0.668831
0.519481
0.175325
0.331169
0.272727
0.149351
0.331169
0.162338
0.155844
0.168831
0.493506
0.668831
0.668831
0.668831
0.181818
0.331169
0.759740
0.500000
0.331169
0.629870
0.668831
0.162338
0.162338
0.668831
0.175325
0.331169
0.149351
0.155844
0.720779
0.811688
0.837662
0.493506
0.331169
0.168831
0.668831
0.142857
0.207792
0.142857
0.331169
0.155844
0.175325
0.818182
0.227273
0.331169
0.331169
0.331169
0.487013
0.331169
0.162338
0.149351
0.149351
0.194805
0.136364
0.331169
0.162338
0.194805
0.331169
0.168831
0.675325
0.142857
0.331169
0.500000
0.331169
0.331169
0.162338
0.194805
0.155844
0.824675
