0.333333
0.333333
0.333333
0.333333
0.666667
0.333333
0.166667
0.275862
0.666667
0.333333
0.137931
0.333333
0.333333
0.333333
0.333333
0.333333
0.166667
0.264368
0.333333
0.333333
0.666667
0.333333
0.500000
0.695402
0.333333
0.333333
0.333333
0.333333
0.172414
0.160920
0.333333
0.333333
0.333333
0.666667
0.137931
0.333333
0.821839
0.333333
0.333333
0.396552
0.333333
0.333333
0.551724
0.327586
0.666667
0.155172
0.224138
0.166667
0.178161
0.333333
0.333333
0.333333
0.333333
0.172414
0.333333
0.333333
0.333333
0.333333
0.333333
0.333333
0.166667
0.666667
0.333333
0.666667
0.189655
0.333333
0.333333
0.333333
0.333333
0.333333
0.333333
0.379310
0.143678
0.224138
0.333333
0.333333
0.333333
0.333333
0.333333
0.183908
0.333333
0.666667
0.178161
0.333333
0.666667
0.333333
0.333333
0.178161
0.413793
0.333333
0.333333
0.333333
0.333333
0.333333
0.333333
0.333333
0.563218
0.333333
0.333333
0.494253
0.166667
0.189655
0.333333
0.333333
0.810345
0.270115
0.333333
0.666667
0.833333
0.333333
0.137931
0.333333
0.333333
0.666667
0.333333
0.333333
0.132184
0.333333
0.224138
0.333333
0.333333
0.666667
0.160920
0.183908
0.333333
0.333333
0.333333
0.356322
0.666667
0.178161
0.333333
0.149425
0.333333
0.666667
0.333333
0.264368
0.333333
0.333333
0.333333
0.333333
0.333333
0.333333
0.333333
0.333333
0.666667
0.155172
0.155172
0.333333
0.666667
0.666667
0.333333
0.333333
0.333333
0.333333
0.333333
0.459770
0.333333
0.195402
0.482759
0.333333
0.333333
0.333333
0.333333
0.333333
0.333333
0.333333
0.333333
0.333333
0.333333
0.666667
0.166667
0.333333
0.178161
0.155172
0.333333
0.333333
0.666667
0.333333
0.333333
0.333333
0.333333
0.333333
0.333333
0.586207
0.120690
0.155172
0.333333
0.333333
0.333333
0.666667
0.166667
0.333333
0.333333
0.333333
0.160920
0.206897
0.666667
0.333333
0.224138
0.333333
0.166667
0.333333
0.333333
0.666667
0.333333
0.333333
0.333333
0.333333
0.333333
0.333333
0.333333
0.367816
0.189655
0.333333
0.333333
0.356322
0.333333
0.333333
0.511494
0.333333
0.333333
0.333333
0.333333
0.333333
0.333333
0.333333
0.333333
0.333333
0.160920
0.166667
0.333333
0.160920
0.551724
0.333333
0.333333
0.614943
0.333333
0.333333
0.333333
0.367816
0.178161
0.155172
0.333333
0.333333
0.321839
0.333333
0.333333
0.333333
0.333333
0.195402
0.333333
0.333333
0.235632
0.459770
0.143678
0.333333
0.258621
0.183908
0.333333
0.160920
0.333333
0.333333
0.333333
0.183908
0.666667
0.178161
0.827586
0.201149
0.333333
0.333333
0.160920
0.333333
0.333333
0.333333
0.333333
0.333333
0.333333
0.356322
0.178161
0.160920
0.333333
0.626437
0.166667
0.333333
0.666667
0.333333
0.333333
0.333333
0.149425
0.333333
0.333333
0.333333
0.333333
0.333333
0.333333
0.333333
0.304598
0.172414
0.333333
0.166667
