0.240260
0.201299
0.188312
0.207792
0.220779
0.162338
0.188312
0.129870
0.188312
0.175325
0.188312
0.162338
0.201299
0.162338
0.201299
0.188312
0.220779
0.181818
0.175325
0.259740
0.194805
0.168831
0.233766
0.214286
0.181818
0.188312
0.188312
0.201299
0.253247
0.155844
0.201299
0.188312
0.194805
0.181818
0.194805
0.207792
0.129870
0.201299
0.188312
0.272727
0.201299
0.175325
0.181818
0.194805
0.155844
0.194805
0.227273
0.201299
0.233766
0.168831
0.233766
0.207792
0.233766
0.188312
0.136364
0.246753
0.175325
0.214286
0.201299
0.149351
0.246753
0.175325
0.240260
0.142857
0.201299
0.175325
0.155844
0.207792
0.214286
0.246753
0.175325
0.201299
0.188312
0.207792
0.181818
0.194805
0.220779
0.188312
0.207792
0.188312
0.259740
0.188312
0.227273
0.233766
0.214286
0.175325
0.181818
0.233766
0.155844
0.162338
0.175325
0.227273
0.194805
0.168831
0.175325
0.155844
0.188312
0.246753
0.149351
0.175325
0.168831
0.227273
0.162338
0.155844
0.136364
0.175325
0.175325
0.181818
0.214286
0.201299
0.194805
0.155844
0.227273
0.207792
0.168831
0.233766
0.233766
0.168831
0.188312
0.201299
0.259740
0.201299
0.207792
0.201299
0.194805
0.194805
0.233766
0.214286
0.181818
0.175325
0.305195
0.207792
0.168831
0.155844
0.181818
0.188312
0.162338
0.181818
0.207792
0.162338
0.188312
0.155844
0.214286
0.201299
0.168831
0.181818
0.227273
0.253247
0.168831
0.194805
0.305195
0.240260
0.175325
0.149351
0.149351
0.162338
0.181818
0.233766
0.233766
0.162338
0.129870
0.214286
0.155844
0.214286
0.188312
0.188312
0.207792
0.162338
0.207792
0.142857
0.175325
0.194805
0.175325
0.168831
0.162338
0.168831
0.194805
0.194805
0.201299
0.233766
0.240260
0.162338
0.233766
0.162338
0.214286
0.142857
0.188312
0.149351
0.188312
0.240260
0.181818
0.201299
0.168831
0.194805
0.246753
0.188312
0.188312
0.149351
0.227273
0.168831
0.214286
0.227273
0.188312
0.181818
0.227273
0.181818
0.188312
0.136364
0.175325
0.194805
0.136364
0.207792
0.214286
0.181818
0.227273
0.233766
0.194805
0.188312
0.220779
0.142857
0.162338
0.168831
0.233766
0.227273
0.181818
0.181818
0.181818
0.233766
0.207792
0.181818
0.175325
0.201299
0.194805
0.207792
0.162338
0.142857
0.168831
0.227273
0.168831
0.207792
0.181818
0.188312
0.246753
0.201299
0.233766
0.188312
0.181818
0.227273
0.194805
0.292208
0.168831
0.181818
0.155844
0.188312
0.181818
0.194805
0.175325
0.207792
0.188312
0.181818
0.168831
0.149351
0.194805
0.207792
0.240260
0.175325
0.233766
0.233766
0.168831
0.142857
0.201299
0.220779
0.201299
0.162338
0.201299
0.142857
0.201299
0.220779
0.272727
0.240260
0.220779
0.233766
0.194805
0.201299
0.201299
0.214286
0.162338
0.194805
0.240260
0.175325
0.188312
0.129870
0.168831
0.201299
0.220779
0.188312
0.194805
0.168831
0.155844
0.201299
