0.120690
0.189655
0.178161
0.172414
0.149425
0.137931
0.137931
0.143678
0.137931
0.160920
0.160920
0.137931
0.109195
0.178161
0.160920
0.160920
0.172414
0.189655
0.120690
0.137931
0.137931
0.166667
0.183908
0.143678
0.160920
0.155172
0.143678
0.126437
0.155172
0.120690
0.143678
0.155172
0.143678
0.126437
0.166667
0.143678
0.206897
0.201149
0.195402
0.149425
0.166667
0.155172
0.166667
0.183908
0.166667
0.178161
0.183908
0.160920
0.149425
0.160920
0.172414
0.178161
0.143678
0.149425
0.178161
0.155172
0.178161
0.166667
0.160920
0.178161
0.149425
0.166667
0.189655
0.172414
0.235632
0.120690
0.143678
0.132184
0.166667
0.189655
0.172414
0.143678
0.149425
0.160920
0.155172
0.172414
0.155172
0.137931
0.155172
0.183908
0.143678
0.149425
0.241379
0.160920
0.195402
0.132184
0.155172
0.195402
0.160920
0.166667
0.126437
0.137931
0.201149
0.178161
0.172414
0.166667
0.149425
0.183908
0.137931
0.143678
0.155172
0.166667
0.160920
0.160920
0.155172
0.149425
0.143678
0.178161
0.137931
0.166667
0.166667
0.143678
0.137931
0.160920
0.143678
0.172414
0.178161
0.195402
0.160920
0.143678
0.120690
0.143678
0.166667
0.160920
0.143678
0.137931
0.172414
0.155172
0.178161
0.155172
0.143678
0.224138
0.206897
0.172414
0.178161
0.132184
0.126437
0.137931
0.155172
0.160920
0.143678
0.109195
0.149425
0.201149
0.137931
0.183908
0.155172
0.166667
0.137931
0.166667
0.126437
0.172414
0.183908
0.155172
0.132184
0.178161
0.149425
0.132184
0.109195
0.166667
0.155172
0.120690
0.155172
0.178161
0.137931
0.172414
0.155172
0.224138
0.183908
0.195402
0.155172
0.195402
0.183908
0.201149
0.143678
0.160920
0.160920
0.166667
0.183908
0.166667
0.114943
0.155172
0.149425
0.137931
0.166667
0.178161
0.137931
0.166667
0.149425
0.155172
0.143678
0.132184
0.143678
0.166667
0.166667
0.137931
0.149425
0.132184
0.172414
0.137931
0.183908
0.172414
0.114943
0.178161
0.143678
0.149425
0.155172
0.143678
0.160920
0.155172
0.132184
0.160920
0.149425
0.143678
0.132184
0.137931
0.143678
0.195402
0.155172
0.143678
0.143678
0.172414
0.160920
0.166667
0.155172
0.178161
0.155172
0.189655
0.166667
0.149425
0.178161
0.137931
0.137931
0.143678
0.149425
0.166667
0.137931
0.183908
0.143678
0.120690
0.178161
0.143678
0.155172
0.183908
0.166667
0.143678
0.149425
0.166667
0.172414
0.149425
0.166667
0.172414
0.126437
0.155172
0.160920
0.143678
0.137931
0.160920
0.132184
0.166667
0.166667
0.172414
0.160920
0.160920
0.160920
0.166667
0.120690
0.166667
0.160920
0.183908
0.120690
0.172414
0.178161
0.132184
0.155172
0.155172
0.166667
0.126437
0.172414
0.149425
0.183908
0.149425
0.178161
0.166667
0.155172
0.155172
0.143678
0.172414
0.155172
0.137931
0.143678
0.172414
0.155172
0.143678
0.166667
0.160920
0.109195
0.189655
0.137931
0.166667
