0.660920
0.212644
0.172414
0.178161
0.137931
0.172414
0.356322
0.178161
0.333333
0.183908
0.155172
0.183908
0.178161
0.183908
0.212644
0.172414
0.218391
0.166667
0.201149
0.178161
0.172414
0.500000
0.172414
0.149425
0.333333
0.172414
0.149425
0.166667
0.166667
0.189655
0.166667
0.344828
0.189655
0.178161
0.166667
0.166667
0.178161
0.206897
0.195402
0.172414
0.155172
0.172414
0.097701
0.155172
0.195402
0.241379
0.183908
0.660920
0.178161
0.160920
0.166667
0.155172
0.166667
0.206897
0.189655
0.155172
0.178161
0.626437
0.172414
0.160920
0.183908
0.201149
0.166667
0.160920
0.666667
0.183908
0.206897
0.160920
0.172414
0.206897
0.155172
0.166667
0.143678
0.178161
0.339080
0.178161
0.137931
0.201149
0.229885
0.155172
0.333333
0.183908
0.206897
0.172414
0.155172
0.195402
0.235632
0.183908
0.195402
0.189655
0.212644
0.166667
0.160920
0.155172
0.149425
0.172414
0.206897
0.333333
0.149425
0.160920
0.660920
0.155172
0.183908
0.241379
0.195402
0.166667
0.195402
0.252874
0.189655
0.132184
0.195402
0.201149
0.178161
0.172414
0.183908
0.224138
0.155172
0.333333
0.218391
0.201149
0.333333
0.189655
0.183908
0.172414
0.178161
0.189655
0.189655
0.160920
0.178161
0.195402
0.218391
0.183908
0.189655
0.218391
0.189655
0.172414
0.183908
0.218391
0.229885
0.160920
0.166667
0.189655
0.195402
0.195402
0.137931
0.201149
0.166667
0.201149
0.166667
0.201149
0.149425
0.229885
0.224138
0.172414
0.189655
0.143678
0.178161
0.293103
0.160920
0.155172
0.137931
0.160920
0.183908
0.522989
0.183908
0.149425
0.189655
0.183908
0.172414
0.172414
0.166667
0.149425
0.155172
0.183908
0.206897
0.195402
0.212644
0.166667
0.166667
0.201149
0.166667
0.172414
0.178161
0.155172
0.195402
0.189655
0.178161
0.149425
0.172414
0.160920
0.304598
0.132184
0.224138
0.333333
0.172414
0.224138
0.189655
0.172414
0.212644
0.126437
0.178161
0.206897
0.155172
0.189655
0.235632
0.160920
0.195402
0.189655
0.189655
0.189655
0.402299
0.160920
0.195402
0.149425
0.212644
0.178161
0.149425
0.172414
0.166667
0.172414
0.367816
0.160920
0.206897
0.149425
0.160920
0.178161
0.155172
0.212644
0.132184
0.132184
0.281609
0.166667
0.166667
0.160920
0.149425
0.172414
0.206897
0.166667
0.166667
0.195402
0.321839
0.160920
0.195402
0.189655
0.172414
0.183908
0.333333
0.218391
0.155172
0.206897
0.206897
0.183908
0.224138
0.166667
0.155172
0.178161
0.166667
0.195402
0.178161
0.143678
0.195402
0.183908
0.155172
0.160920
0.195402
0.132184
0.189655
0.160920
0.206897
0.178161
0.195402
0.166667
0.149425
0.218391
0.195402
0.166667
0.183908
0.206897
0.166667
0.206897
0.206897
0.189655
0.149425
0.419540
0.189655
0.247126
0.155172
0.235632
0.178161
0.206897
0.166667
0.160920
0.172414
0.195402
0.195402
0.155172
0.143678
0.201149
0.201149
0.178161
