0.664948
0.144330
0.335052
0.211340
0.190722
0.195876
0.211340
0.206186
0.206186
0.170103
0.190722
0.139175
0.329897
0.170103
0.164948
0.195876
0.195876
0.170103
0.206186
0.211340
0.164948
0.201031
0.144330
0.195876
0.159794
0.185567
0.216495
0.170103
0.335052
0.164948
0.201031
0.221649
0.175258
0.201031
0.206186
0.195876
0.195876
0.195876
0.195876
0.262887
0.175258
0.128866
0.164948
0.211340
0.134021
0.149485
0.190722
0.195876
0.216495
0.154639
0.185567
0.164948
0.164948
0.170103
0.237113
0.335052
0.144330
0.170103
0.170103
0.195876
0.257732
0.149485
0.206186
0.201031
0.159794
0.164948
0.159794
0.190722
0.149485
0.154639
0.180412
0.195876
0.190722
0.170103
0.170103
0.206186
0.190722
0.170103
0.231959
0.170103
0.195876
0.159794
0.159794
0.231959
0.180412
0.195876
0.144330
0.180412
0.159794
0.128866
0.180412
0.175258
0.149485
0.170103
0.185567
0.170103
0.144330
0.190722
0.190722
0.180412
0.164948
0.154639
0.170103
0.154639
0.149485
0.159794
0.159794
0.237113
0.175258
0.185567
0.175258
0.175258
0.154639
0.149485
0.164948
0.154639
0.159794
0.216495
0.175258
0.180412
0.159794
0.154639
0.190722
0.175258
0.170103
0.185567
0.170103
0.175258
0.216495
0.201031
0.195876
0.195876
0.221649
0.211340
0.201031
0.159794
0.139175
0.154639
0.190722
0.154639
0.159794
0.154639
0.149485
0.175258
0.180412
0.226804
0.175258
0.247423
0.190722
0.201031
0.216495
0.128866
0.216495
0.149485
0.134021
0.201031
0.149485
0.149485
0.164948
0.211340
0.164948
0.149485
0.170103
0.154639
0.164948
0.170103
0.144330
0.216495
0.190722
0.190722
0.154639
0.159794
0.185567
0.185567
0.164948
0.149485
0.190722
0.190722
0.195876
0.175258
0.154639
0.149485
0.170103
0.206186
0.175258
0.164948
0.175258
0.159794
0.206186
0.190722
0.159794
0.206186
0.180412
0.190722
0.190722
0.139175
0.221649
0.154639
0.335052
0.185567
0.175258
0.195876
0.211340
0.231959
0.190722
0.195876
0.175258
0.216495
0.201031
0.824742
0.159794
0.164948
0.185567
0.185567
0.273196
0.170103
0.211340
0.159794
0.185567
0.190722
0.608247
0.175258
0.139175
0.190722
0.154639
0.206186
0.139175
0.206186
0.175258
0.185567
0.185567
0.278351
0.180412
0.190722
0.175258
0.185567
0.211340
0.216495
0.211340
0.175258
0.237113
0.170103
0.335052
0.216495
0.206186
0.159794
0.195876
0.170103
0.164948
0.164948
0.201031
0.144330
0.221649
0.262887
0.154639
0.149485
0.180412
0.180412
0.190722
0.201031
0.180412
0.201031
0.201031
0.195876
0.329897
0.185567
0.180412
0.185567
0.144330
0.159794
0.175258
0.206186
0.237113
0.170103
0.175258
0.335052
0.195876
0.180412
0.226804
0.185567
0.170103
0.164948
0.149485
0.164948
0.242268
0.195876
0.195876
0.216495
0.185567
0.149485
0.164948
0.170103
0.159794
0.154639
0.180412
0.149485
0.170103
0.324742
0.180412
0.211340
