0.155172
0.206897
0.206897
0.189655
0.201149
0.137931
0.155172
0.201149
0.149425
0.149425
0.189655
0.172414
0.178161
0.201149
0.201149
0.195402
0.229885
0.189655
0.178161
0.178161
0.218391
0.172414
0.172414
0.172414
0.172414
0.172414
0.178161
0.149425
0.149425
0.166667
0.218391
0.155172
0.218391
0.149425
0.201149
0.235632
0.183908
0.183908
0.183908
0.166667
0.252874
0.189655
0.183908
0.149425
0.155172
0.178161
0.195402
0.224138
0.172414
0.155172
0.172414
0.189655
0.149425
0.183908
0.166667
0.160920
0.172414
0.206897
0.247126
0.195402
0.183908
0.189655
0.172414
0.160920
0.195402
0.166667
0.178161
0.166667
0.224138
0.183908
0.183908
0.178161
0.155172
0.229885
0.178161
0.229885
0.241379
0.160920
0.178161
0.206897
0.166667
0.189655
0.212644
0.143678
0.166667
0.155172
0.218391
0.229885
0.201149
0.155172
0.120690
0.172414
0.235632
0.235632
0.160920
0.178161
0.206897
0.212644
0.172414
0.160920
0.155172
0.224138
0.183908
0.195402
0.178161
0.212644
0.166667
0.143678
0.189655
0.160920
0.201149
0.189655
0.155172
0.183908
0.212644
0.195402
0.235632
0.149425
0.206897
0.212644
0.103448
0.172414
0.172414
0.160920
0.195402
0.172414
0.195402
0.178161
0.178161
0.155172
0.195402
0.212644
0.218391
0.201149
0.201149
0.155172
0.143678
0.166667
0.183908
0.189655
0.166667
0.241379
0.149425
0.218391
0.137931
0.189655
0.166667
0.212644
0.178161
0.189655
0.218391
0.212644
0.201149
0.229885
0.155172
0.241379
0.195402
0.195402
0.143678
0.178161
0.195402
0.206897
0.149425
0.212644
0.178161
0.201149
0.155172
0.206897
0.195402
0.218391
0.195402
0.212644
0.218391
0.212644
0.155172
0.189655
0.201149
0.166667
0.155172
0.189655
0.195402
0.178161
0.189655
0.149425
0.183908
0.247126
0.160920
0.149425
0.189655
0.172414
0.183908
0.155172
0.201149
0.178161
0.178161
0.241379
0.183908
0.166667
0.160920
0.155172
0.195402
0.189655
0.235632
0.218391
0.160920
0.224138
0.178161
0.155172
0.137931
0.201149
0.143678
0.178161
0.126437
0.212644
0.178161
0.201149
0.137931
0.155172
0.229885
0.172414
0.160920
0.218391
0.241379
0.160920
0.212644
0.166667
0.229885
0.189655
0.155172
0.178161
0.201149
0.160920
0.160920
0.195402
0.172414
0.247126
0.160920
0.218391
0.206897
0.201149
0.201149
0.201149
0.155172
0.201149
0.206897
0.149425
0.183908
0.189655
0.183908
0.160920
0.195402
0.206897
0.189655
0.212644
0.172414
0.206897
0.155172
0.178161
0.183908
0.178161
0.183908
0.166667
0.149425
0.172414
0.155172
0.155172
0.212644
0.132184
0.155172
0.212644
0.201149
0.229885
0.189655
0.160920
0.241379
0.166667
0.206897
0.160920
0.218391
0.212644
0.189655
0.126437
0.172414
0.172414
0.172414
0.201149
0.143678
0.160920
0.132184
0.143678
0.212644
0.189655
0.172414
0.183908
0.160920
0.195402
0.155172
0.229885
0.149425
0.172414
