0.231959
0.201031
0.257732
0.175258
0.180412
0.262887
0.283505
0.226804
0.288660
0.216495
0.180412
0.206186
0.154639
0.206186
0.164948
0.360825
0.190722
0.283505
0.226804
0.190722
0.221649
0.180412
0.195876
0.201031
0.221649
0.206186
0.211340
0.180412
0.185567
0.201031
0.252577
0.268041
0.283505
0.262887
0.257732
0.288660
0.226804
0.170103
0.231959
0.206186
0.201031
0.293814
0.247423
0.195876
0.242268
0.268041
0.211340
0.190722
0.180412
0.185567
0.216495
0.185567
0.195876
0.242268
0.262887
0.226804
0.216495
0.242268
0.180412
0.252577
0.170103
0.185567
0.226804
0.231959
0.175258
0.216495
0.242268
0.231959
0.164948
0.262887
0.231959
0.211340
0.180412
0.216495
0.206186
0.211340
0.211340
0.231959
0.231959
0.221649
0.185567
0.211340
0.247423
0.206186
0.262887
0.144330
0.216495
0.257732
0.226804
0.221649
0.237113
0.242268
0.139175
0.221649
0.206186
0.216495
0.185567
0.288660
0.201031
0.164948
0.180412
0.185567
0.190722
0.201031
0.237113
0.211340
0.170103
0.221649
0.206186
0.190722
0.247423
0.170103
0.206186
0.206186
0.164948
0.185567
0.159794
0.180412
0.180412
0.206186
0.180412
0.216495
0.221649
0.221649
0.195876
0.262887
0.226804
0.195876
0.257732
0.170103
0.226804
0.180412
0.206186
0.252577
0.206186
0.180412
0.298969
0.288660
0.288660
0.221649
0.201031
0.201031
0.195876
0.237113
0.226804
0.231959
0.211340
0.195876
0.221649
0.195876
0.185567
0.211340
0.257732
0.221649
0.237113
0.221649
0.216495
0.195876
0.283505
0.237113
0.216495
0.211340
0.221649
0.242268
0.195876
0.206186
0.211340
0.221649
0.170103
0.190722
0.237113
0.211340
0.242268
0.170103
0.190722
0.175258
0.237113
0.185567
0.252577
0.288660
0.273196
0.159794
0.201031
0.211340
0.190722
0.237113
0.195876
0.257732
0.206186
0.273196
0.278351
0.206186
0.221649
0.211340
0.185567
0.247423
0.201031
0.216495
0.242268
0.273196
0.190722
0.206186
0.195876
0.221649
0.190722
0.195876
0.201031
0.242268
0.252577
0.242268
0.170103
0.268041
0.190722
0.221649
0.216495
0.221649
0.149485
0.201031
0.180412
0.195876
0.164948
0.273196
0.252577
0.216495
0.164948
0.185567
0.175258
0.206186
0.216495
0.268041
0.201031
0.190722
0.242268
0.262887
0.201031
0.216495
0.247423
0.237113
0.237113
0.221649
0.175258
0.273196
0.190722
0.159794
0.283505
0.226804
0.221649
0.164948
0.190722
0.257732
0.268041
0.180412
0.175258
0.226804
0.283505
0.247423
0.247423
0.237113
0.314433
0.216495
0.221649
0.175258
0.211340
0.159794
0.226804
0.283505
0.201031
0.195876
0.216495
0.206186
0.159794
0.154639
0.175258
0.226804
0.257732
0.237113
0.216495
0.242268
0.226804
0.237113
0.237113
0.252577
0.154639
0.262887
0.273196
0.242268
0.283505
0.226804
0.211340
0.252577
0.201031
0.170103
0.180412
0.262887
0.226804
0.247423
0.211340
0.237113
0.216495
0.247423
