0.180412
0.170103
0.139175
0.159794
0.175258
0.149485
0.195876
0.159794
0.211340
0.195876
0.190722
0.185567
0.211340
0.262887
0.175258
0.175258
0.247423
0.154639
0.190722
0.206186
0.211340
0.242268
0.159794
0.211340
0.262887
0.195876
0.180412
0.206186
0.257732
0.216495
0.211340
0.216495
0.216495
0.262887
0.190722
0.164948
0.185567
0.211340
0.175258
0.175258
0.201031
0.211340
0.159794
0.185567
0.216495
0.154639
0.226804
0.185567
0.170103
0.195876
0.180412
0.170103
0.118557
0.164948
0.252577
0.180412
0.185567
0.154639
0.231959
0.211340
0.221649
0.190722
0.242268
0.170103
0.262887
0.144330
0.211340
0.226804
0.211340
0.159794
0.211340
0.159794
0.211340
0.211340
0.180412
0.175258
0.164948
0.190722
0.159794
0.164948
0.170103
0.231959
0.154639
0.175258
0.170103
0.211340
0.195876
0.237113
0.180412
0.180412
0.231959
0.216495
0.195876
0.170103
0.175258
0.211340
0.170103
0.164948
0.226804
0.185567
0.190722
0.185567
0.175258
0.324742
0.190722
0.201031
0.247423
0.242268
0.180412
0.185567
0.221649
0.154639
0.164948
0.231959
0.159794
0.149485
0.144330
0.175258
0.206186
0.175258
0.201031
0.206186
0.175258
0.226804
0.201031
0.164948
0.164948
0.185567
0.159794
0.175258
0.201031
0.195876
0.190722
0.180412
0.195876
0.221649
0.175258
0.201031
0.190722
0.195876
0.221649
0.190722
0.242268
0.144330
0.185567
0.273196
0.190722
0.226804
0.201031
0.242268
0.221649
0.216495
0.247423
0.195876
0.144330
0.221649
0.195876
0.149485
0.206186
0.237113
0.283505
0.190722
0.175258
0.231959
0.216495
0.139175
0.185567
0.170103
0.190722
0.164948
0.190722
0.175258
0.180412
0.164948
0.195876
0.206186
0.273196
0.185567
0.211340
0.164948
0.190722
0.216495
0.231959
0.139175
0.175258
0.231959
0.216495
0.170103
0.149485
0.170103
0.159794
0.231959
0.226804
0.159794
0.180412
0.185567
0.175258
0.154639
0.201031
0.159794
0.195876
0.154639
0.211340
0.170103
0.164948
0.190722
0.170103
0.175258
0.175258
0.211340
0.221649
0.170103
0.201031
0.123711
0.242268
0.164948
0.170103
0.175258
0.190722
0.159794
0.226804
0.185567
0.185567
0.175258
0.216495
0.195876
0.247423
0.164948
0.190722
0.170103
0.185567
0.185567
0.201031
0.201031
0.257732
0.247423
0.170103
0.175258
0.201031
0.247423
0.144330
0.201031
0.190722
0.237113
0.195876
0.185567
0.175258
0.201031
0.206186
0.201031
0.170103
0.159794
0.237113
0.190722
0.180412
0.149485
0.206186
0.190722
0.211340
0.237113
0.226804
0.283505
0.175258
0.190722
0.211340
0.190722
0.185567
0.195876
0.293814
0.190722
0.201031
0.226804
0.180412
0.154639
0.144330
0.195876
0.252577
0.170103
0.175258
0.180412
0.201031
0.201031
0.226804
0.159794
0.180412
0.159794
0.154639
0.164948
0.190722
0.206186
0.154639
0.170103
0.252577
0.180412
0.154639
0.170103
0.195876
0.221649
0.221649
0.201031
