0.216495
0.175258
0.180412
0.180412
0.175258
0.216495
0.252577
0.175258
0.206186
0.154639
0.195876
0.180412
0.159794
0.180412
0.128866
0.201031
0.175258
0.185567
0.242268
0.154639
0.170103
0.195876
0.175258
0.180412
0.154639
0.185567
0.201031
0.195876
0.180412
0.134021
0.216495
0.231959
0.216495
0.190722
0.185567
0.164948
0.216495
0.180412
0.154639
0.164948
0.175258
0.164948
0.231959
0.180412
0.134021
0.170103
0.154639
0.170103
0.175258
0.226804
0.221649
0.123711
0.180412
0.221649
0.211340
0.195876
0.144330
0.149485
0.206186
0.170103
0.170103
0.164948
0.185567
0.164948
0.170103
0.159794
0.154639
0.206186
0.190722
0.226804
0.134021
0.185567
0.170103
0.180412
0.175258
0.149485
0.175258
0.185567
0.226804
0.252577
0.134021
0.216495
0.211340
0.201031
0.175258
0.237113
0.175258
0.252577
0.149485
0.201031
0.180412
0.159794
0.201031
0.180412
0.164948
0.216495
0.226804
0.185567
0.231959
0.190722
0.154639
0.170103
0.159794
0.319588
0.211340
0.185567
0.185567
0.190722
0.139175
0.159794
0.175258
0.185567
0.201031
0.226804
0.154639
0.159794
0.170103
0.206186
0.206186
0.175258
0.175258
0.175258
0.304124
0.211340
0.180412
0.180412
0.149485
0.257732
0.201031
0.170103
0.144330
0.268041
0.154639
0.211340
0.154639
0.134021
0.175258
0.149485
0.164948
0.283505
0.149485
0.201031
0.185567
0.211340
0.231959
0.206186
0.180412
0.195876
0.175258
0.231959
0.185567
0.195876
0.242268
0.242268
0.211340
0.242268
0.206186
0.159794
0.211340
0.195876
0.195876
0.195876
0.175258
0.175258
0.164948
0.185567
0.164948
0.149485
0.216495
0.175258
0.164948
0.164948
0.262887
0.206186
0.221649
0.185567
0.211340
0.190722
0.252577
0.185567
0.190722
0.216495
0.149485
0.164948
0.175258
0.242268
0.159794
0.206186
0.216495
0.201031
0.175258
0.175258
0.190722
0.159794
0.190722
0.164948
0.154639
0.164948
0.170103
0.185567
0.180412
0.180412
0.139175
0.237113
0.195876
0.201031
0.164948
0.216495
0.211340
0.185567
0.206186
0.190722
0.159794
0.175258
0.175258
0.201031
0.175258
0.164948
0.134021
0.226804
0.221649
0.185567
0.170103
0.190722
0.242268
0.195876
0.175258
0.211340
0.201031
0.149485
0.216495
0.288660
0.211340
0.175258
0.288660
0.144330
0.293814
0.242268
0.180412
0.170103
0.211340
0.211340
0.247423
0.180412
0.159794
0.185567
0.190722
0.216495
0.206186
0.175258
0.262887
0.170103
0.164948
0.175258
0.226804
0.185567
0.139175
0.216495
0.252577
0.195876
0.154639
0.170103
0.139175
0.175258
0.195876
0.159794
0.164948
0.180412
0.175258
0.149485
0.164948
0.170103
0.221649
0.170103
0.309278
0.180412
0.211340
0.226804
0.283505
0.164948
0.195876
0.154639
0.180412
0.180412
0.216495
0.154639
0.262887
0.190722
0.216495
0.242268
0.190722
0.185567
0.164948
0.211340
0.216495
0.231959
0.154639
0.170103
0.164948
0.190722
