0.141791
0.201493
0.246269
0.149254
0.164179
0.134328
0.171642
0.141791
0.156716
0.186567
0.186567
0.149254
0.134328
0.231343
0.149254
0.134328
0.208955
0.164179
0.156716
0.179104
0.216418
0.156716
0.119403
0.186567
0.179104
0.156716
0.156716
0.171642
0.216418
0.164179
0.179104
0.208955
0.156716
0.208955
0.164179
0.223881
0.126866
0.164179
0.156716
0.194030
0.194030
0.164179
0.186567
0.216418
0.156716
0.194030
0.149254
0.164179
0.194030
0.164179
0.164179
0.164179
0.179104
0.119403
0.149254
0.104478
0.238806
0.171642
0.171642
0.164179
0.134328
0.186567
0.208955
0.194030
0.141791
0.156716
0.179104
0.149254
0.164179
0.149254
0.179104
0.194030
0.171642
0.164179
0.194030
0.186567
0.179104
0.171642
0.179104
0.186567
0.171642
0.179104
0.216418
0.194030
0.134328
0.171642
0.126866
0.149254
0.171642
0.216418
0.194030
0.201493
0.186567
0.149254
0.216418
0.186567
0.186567
0.246269
0.253731
0.208955
0.194030
0.223881
0.201493
0.216418
0.171642
0.231343
0.156716
0.208955
0.134328
0.179104
0.126866
0.223881
0.179104
0.194030
0.179104
0.186567
0.171642
0.149254
0.186567
0.179104
0.276119
0.119403
0.186567
0.216418
0.186567
0.208955
0.216418
0.164179
0.179104
0.208955
0.179104
0.208955
0.194030
0.179104
0.186567
0.179104
0.164179
0.186567
0.149254
0.164179
0.208955
0.171642
0.208955
0.186567
0.171642
0.201493
0.208955
0.149254
0.156716
0.216418
0.186567
0.164179
0.141791
0.179104
0.149254
0.156716
0.171642
0.171642
0.164179
0.141791
0.186567
0.186567
0.201493
0.186567
0.186567
0.149254
0.164179
0.208955
0.164179
0.179104
0.126866
0.141791
0.126866
0.156716
0.223881
0.179104
0.164179
0.186567
0.194030
0.119403
0.238806
0.216418
0.149254
0.201493
0.156716
0.156716
0.134328
0.201493
0.216418
0.149254
0.141791
0.164179
0.141791
0.201493
0.156716
0.141791
0.186567
0.179104
0.179104
0.223881
0.253731
0.126866
0.156716
0.194030
0.179104
0.194030
0.208955
0.134328
0.223881
0.216418
0.194030
0.208955
0.223881
0.201493
0.156716
0.179104
0.194030
0.238806
0.149254
0.268657
0.186567
0.164179
0.231343
0.171642
0.194030
0.216418
0.194030
0.126866
0.186567
0.179104
0.223881
0.171642
0.164179
0.149254
0.164179
0.171642
0.186567
0.194030
0.186567
0.164179
0.201493
0.208955
0.149254
0.179104
0.179104
0.201493
0.134328
0.149254
0.253731
0.156716
0.134328
0.194030
0.208955
0.156716
0.171642
0.194030
0.164179
0.179104
0.186567
0.149254
0.156716
0.156716
0.119403
0.186567
0.149254
0.186567
0.201493
0.208955
0.141791
0.156716
0.179104
0.186567
0.194030
0.126866
0.171642
0.268657
0.179104
0.171642
0.134328
0.149254
0.134328
0.201493
0.171642
0.186567
0.141791
0.156716
0.179104
0.164179
0.141791
0.156716
0.201493
0.164179
0.186567
0.186567
0.179104
0.171642
0.208955
0.186567
0.208955
0.156716
