0.402985
0.283582
0.298507
0.432836
0.335821
0.291045
0.440299
0.268657
0.410448
0.343284
0.283582
0.350746
0.358209
0.350746
0.395522
0.291045
0.305970
0.380597
0.402985
0.298507
0.343284
0.358209
0.313433
0.410448
0.447761
0.365672
0.335821
0.328358
0.425373
0.305970
0.335821
0.365672
0.320896
0.313433
0.328358
0.380597
0.402985
0.402985
0.365672
0.328358
0.358209
0.328358
0.298507
0.291045
0.343284
0.343284
0.350746
0.395522
0.388060
0.388060
0.358209
0.380597
0.328358
0.343284
0.298507
0.358209
0.395522
0.365672
0.373134
0.343284
0.320896
0.305970
0.291045
0.365672
0.388060
0.402985
0.425373
0.358209
0.365672
0.365672
0.298507
0.328358
0.365672
0.291045
0.246269
0.261194
0.402985
0.268657
0.365672
0.261194
0.373134
0.253731
0.291045
0.313433
0.328358
0.328358
0.380597
0.298507
0.440299
0.425373
0.305970
0.417910
0.373134
0.373134
0.373134
0.320896
0.380597
0.276119
0.402985
0.380597
0.328358
0.305970
0.417910
0.425373
0.320896
0.238806
0.320896
0.365672
0.373134
0.410448
0.320896
0.373134
0.343284
0.410448
0.291045
0.320896
0.320896
0.328358
0.395522
0.373134
0.365672
0.462687
0.402985
0.350746
0.373134
0.320896
0.328358
0.328358
0.291045
0.320896
0.425373
0.305970
0.328358
0.320896
0.276119
0.268657
0.388060
0.350746
0.298507
0.358209
0.432836
0.320896
0.373134
0.261194
0.320896
0.291045
0.358209
0.343284
0.373134
0.276119
0.335821
0.328358
0.328358
0.328358
0.298507
0.305970
0.402985
0.350746
0.358209
0.388060
0.320896
0.380597
0.298507
0.305970
0.402985
0.402985
0.365672
0.283582
0.373134
0.373134
0.276119
0.365672
0.320896
0.268657
0.335821
0.320896
0.305970
0.373134
0.335821
0.298507
0.395522
0.335821
0.380597
0.283582
0.373134
0.402985
0.261194
0.313433
0.395522
0.425373
0.365672
0.291045
0.373134
0.313433
0.261194
0.410448
0.291045
0.253731
0.395522
0.343284
0.380597
0.402985
0.350746
0.373134
0.238806
0.268657
0.328358
0.373134
0.402985
0.380597
0.313433
0.343284
0.358209
0.365672
0.335821
0.358209
0.328358
0.238806
0.343284
0.425373
0.343284
0.373134
0.373134
0.276119
0.328358
0.388060
0.335821
0.291045
0.350746
0.320896
0.343284
0.305970
0.373134
0.343284
0.320896
0.320896
0.350746
0.380597
0.313433
0.320896
0.425373
0.350746
0.402985
0.350746
0.388060
0.425373
0.358209
0.477612
0.328358
0.358209
0.291045
0.425373
0.313433
0.305970
0.350746
0.410448
0.395522
0.305970
0.373134
0.350746
0.335821
0.373134
0.358209
0.365672
0.283582
0.305970
0.365672
0.335821
0.343284
0.365672
0.343284
0.365672
0.388060
0.253731
0.343284
0.395522
0.276119
0.298507
0.447761
0.268657
0.320896
0.253731
0.395522
0.373134
0.380597
0.477612
0.358209
0.283582
0.455224
0.276119
0.380597
0.358209
0.313433
0.358209
0.320896
0.373134
0.305970
0.320896
0.276119
0.425373
