0.664179
0.216418
0.201493
0.171642
0.208955
0.208955
0.141791
0.208955
0.201493
0.194030
0.171642
0.186567
0.171642
0.223881
0.186567
0.194030
0.171642
0.149254
0.305970
0.179104
0.186567
0.208955
0.201493
0.194030
0.208955
0.194030
0.201493
0.201493
0.171642
0.179104
0.149254
0.194030
0.179104
0.164179
0.283582
0.194030
0.231343
0.171642
0.179104
0.156716
0.201493
0.201493
0.164179
0.194030
0.171642
0.194030
0.156716
0.208955
0.164179
0.208955
0.223881
0.194030
0.194030
0.201493
0.194030
0.208955
0.149254
0.171642
0.223881
0.194030
0.186567
0.529851
0.201493
0.171642
0.201493
0.201493
0.171642
0.216418
0.149254
0.194030
0.149254
0.186567
0.328358
0.194030
0.134328
0.186567
0.171642
0.156716
0.186567
0.164179
0.171642
0.171642
0.164179
0.335821
0.164179
0.179104
0.194030
0.201493
0.201493
0.208955
0.179104
0.194030
0.194030
0.208955
0.313433
0.186567
0.201493
0.179104
0.223881
0.179104
0.156716
0.186567
0.186567
0.179104
0.171642
0.350746
0.194030
0.216418
0.208955
0.186567
0.201493
0.156716
0.194030
0.149254
0.194030
0.171642
0.335821
0.186567
0.186567
0.223881
0.194030
0.179104
0.179104
0.149254
0.164179
0.208955
0.149254
0.328358
0.231343
0.156716
0.194030
0.194030
0.149254
0.156716
0.164179
0.194030
0.164179
0.179104
0.335821
0.141791
0.194030
0.216418
0.179104
0.156716
0.231343
0.208955
0.149254
0.171642
0.223881
0.358209
0.171642
0.171642
0.171642
0.171642
0.238806
0.156716
0.201493
0.179104
0.164179
0.201493
0.335821
0.179104
0.194030
0.186567
0.156716
0.201493
0.179104
0.194030
0.171642
0.171642
0.186567
0.298507
0.238806
0.194030
0.156716
0.186567
0.208955
0.186567
0.134328
0.186567
0.201493
0.179104
0.335821
0.186567
0.201493
0.171642
0.186567
0.201493
0.194030
0.208955
0.208955
0.171642
0.194030
0.335821
0.208955
0.186567
0.179104
0.208955
0.223881
0.186567
0.194030
0.186567
0.231343
0.208955
0.335821
0.179104
0.201493
0.179104
0.216418
0.186567
0.126866
0.179104
0.149254
0.179104
0.201493
0.335821
0.231343
0.186567
0.179104
0.149254
0.201493
0.194030
0.179104
0.194030
0.216418
0.194030
0.268657
0.194030
0.179104
0.223881
0.156716
0.194030
0.164179
0.134328
0.141791
0.194030
0.201493
0.335821
0.194030
0.164179
0.179104
0.179104
0.201493
0.223881
0.253731
0.171642
0.126866
0.179104
0.298507
0.201493
0.201493
0.171642
0.156716
0.186567
0.201493
0.194030
0.179104
0.156716
0.179104
0.328358
0.179104
0.171642
0.186567
0.201493
0.238806
0.201493
0.171642
0.201493
0.208955
0.156716
0.335821
0.179104
0.194030
0.208955
0.201493
0.179104
0.171642
0.186567
0.208955
0.201493
0.171642
0.171642
0.171642
0.186567
0.164179
0.194030
0.179104
0.231343
0.216418
0.201493
0.194030
0.194030
0.186567
0.179104
0.194030
0.156716
0.179104
0.194030
0.171642
0.156716
