0.184211
0.245614
0.210526
0.149123
0.210526
0.175439
0.184211
0.122807
0.228070
0.149123
0.184211
0.184211
0.149123
0.166667
0.175439
0.236842
0.228070
0.201754
0.157895
0.149123
0.184211
0.184211
0.175439
0.114035
0.175439
0.157895
0.219298
0.166667
0.192982
0.175439
0.219298
0.192982
0.192982
0.175439
0.201754
0.219298
0.149123
0.131579
0.157895
0.175439
0.210526
0.175439
0.157895
0.175439
0.210526
0.201754
0.192982
0.192982
0.131579
0.157895
0.175439
0.157895
0.192982
0.140351
0.192982
0.149123
0.149123
0.175439
0.184211
0.131579
0.192982
0.166667
0.201754
0.201754
0.210526
0.184211
0.149123
0.201754
0.175439
0.149123
0.175439
0.157895
0.210526
0.140351
0.149123
0.219298
0.192982
0.140351
0.192982
0.157895
0.201754
0.175439
0.184211
0.166667
0.219298
0.157895
0.149123
0.175439
0.184211
0.166667
0.166667
0.149123
0.166667
0.184211
0.201754
0.184211
0.192982
0.236842
0.175439
0.140351
0.149123
0.210526
0.175439
0.149123
0.175439
0.228070
0.166667
0.175439
0.166667
0.210526
0.166667
0.201754
0.157895
0.140351
0.184211
0.149123
0.166667
0.140351
0.201754
0.166667
0.166667
0.192982
0.166667
0.184211
0.131579
0.105263
0.140351
0.157895
0.166667
0.140351
0.149123
0.210526
0.184211
0.166667
0.210526
0.228070
0.184211
0.149123
0.175439
0.228070
0.157895
0.219298
0.131579
0.201754
0.175439
0.166667
0.166667
0.219298
0.157895
0.192982
0.184211
0.192982
0.122807
0.184211
0.157895
0.157895
0.122807
0.175439
0.149123
0.184211
0.228070
0.166667
0.175439
0.131579
0.149123
0.175439
0.175439
0.131579
0.140351
0.184211
0.175439
0.192982
0.131579
0.140351
0.157895
0.157895
0.192982
0.166667
0.201754
0.131579
0.175439
0.184211
0.210526
0.175439
0.166667
0.131579
0.149123
0.157895
0.175439
0.149123
0.175439
0.149123
0.157895
0.175439
0.096491
0.184211
0.201754
0.131579
0.175439
0.166667
0.175439
0.192982
0.149123
0.166667
0.175439
0.166667
0.105263
0.210526
0.166667
0.149123
0.175439
0.140351
0.192982
0.210526
0.245614
0.192982
0.175439
0.157895
0.166667
0.201754
0.192982
0.140351
0.157895
0.210526
0.175439
0.166667
0.131579
0.166667
0.149123
0.192982
0.149123
0.184211
0.166667
0.228070
0.149123
0.201754
0.175439
0.236842
0.140351
0.175439
0.166667
0.157895
0.184211
0.210526
0.210526
0.140351
0.192982
0.201754
0.175439
0.175439
0.131579
0.157895
0.175439
0.166667
0.201754
0.122807
0.166667
0.166667
0.140351
0.157895
0.219298
0.192982
0.131579
0.157895
0.149123
0.192982
0.175439
0.245614
0.166667
0.149123
0.184211
0.149123
0.114035
0.201754
0.263158
0.157895
0.210526
0.210526
0.157895
0.140351
0.157895
0.166667
0.192982
0.131579
0.175439
0.201754
0.201754
0.201754
0.157895
0.166667
0.201754
0.166667
0.210526
0.184211
0.184211
0.201754
0.184211
0.184211
0.175439
0.236842
