0.335821
0.664179
0.664179
0.664179
0.335821
0.164179
0.507463
0.343284
0.843284
0.335821
0.111940
0.611940
0.179104
0.186567
0.492537
0.194030
0.335821
0.335821
0.186567
0.186567
0.141791
0.156716
0.388060
0.156716
0.194030
0.335821
0.179104
0.731343
0.313433
0.149254
0.171642
0.156716
0.186567
0.462687
0.194030
0.335821
0.820896
0.298507
0.335821
0.171642
0.500000
0.664179
0.447761
0.567164
0.335821
0.664179
0.149254
0.156716
0.828358
0.373134
0.201493
0.164179
0.335821
0.335821
0.567164
0.179104
0.455224
0.179104
0.268657
0.149254
0.179104
0.835821
0.335821
0.335821
0.171642
0.335821
0.410448
0.708955
0.171642
0.335821
0.156716
0.164179
0.335821
0.216418
0.194030
0.194030
0.231343
0.179104
0.194030
0.156716
0.813433
0.253731
0.335821
0.343284
0.522388
0.201493
0.164179
0.350746
0.522388
0.171642
0.671642
0.186567
0.179104
0.179104
0.335821
0.186567
0.582090
0.343284
0.194030
0.335821
0.335821
0.664179
0.171642
0.335821
0.164179
0.141791
0.335821
0.156716
0.335821
0.179104
0.335821
0.335821
0.335821
0.417910
0.134328
0.335821
0.171642
0.156716
0.335821
0.156716
0.186567
0.335821
0.298507
0.149254
0.485075
0.335821
0.335821
0.164179
0.335821
0.335821
0.171642
0.813433
0.179104
0.813433
0.335821
0.335821
0.156716
0.537313
0.231343
0.507463
0.440299
0.238806
0.149254
0.373134
0.417910
0.171642
0.141791
0.141791
0.261194
0.470149
0.156716
0.335821
0.141791
0.335821
0.335821
0.149254
0.365672
0.335821
0.171642
0.164179
0.149254
0.604478
0.149254
0.134328
0.119403
0.589552
0.156716
0.149254
0.291045
0.134328
0.194030
0.335821
0.171642
0.186567
0.141791
0.171642
0.164179
0.335821
0.335821
0.179104
0.492537
0.186567
0.805970
0.335821
0.432836
0.164179
0.164179
0.335821
0.186567
0.156716
0.194030
0.335821
0.194030
0.492537
0.141791
0.410448
0.335821
0.164179
0.164179
0.134328
0.335821
0.126866
0.141791
0.335821
0.186567
0.179104
0.194030
0.179104
0.805970
0.537313
0.335821
0.335821
0.514925
0.179104
0.164179
0.149254
0.335821
0.134328
0.335821
0.835821
0.335821
0.335821
0.156716
0.485075
0.335821
0.171642
0.141791
0.164179
0.164179
0.597015
0.589552
0.164179
0.156716
0.335821
0.179104
0.335821
0.350746
0.335821
0.186567
0.335821
0.485075
0.664179
0.305970
0.850746
0.186567
0.194030
0.335821
0.201493
0.194030
0.149254
0.171642
0.171642
0.156716
0.567164
0.335821
0.253731
0.201493
0.186567
0.388060
0.164179
0.164179
0.216418
0.119403
0.686567
0.320896
0.335821
0.447761
0.171642
0.507463
0.335821
0.358209
0.179104
0.171642
0.291045
0.134328
0.656716
0.335821
0.335821
0.664179
0.194030
0.388060
0.186567
0.201493
0.171642
0.171642
0.126866
0.559701
0.164179
0.492537
0.335821
0.313433
0.522388
0.335821
0.164179
0.537313
0.335821
0.335821
0.335821
0.335821
0.141791
