0.178161
0.189655
0.178161
0.178161
0.218391
0.241379
0.172414
0.218391
0.201149
0.183908
0.206897
0.195402
0.218391
0.206897
0.206897
0.201149
0.229885
0.155172
0.189655
0.206897
0.155172
0.195402
0.189655
0.189655
0.224138
0.224138
0.178161
0.252874
0.201149
0.206897
0.201149
0.247126
0.264368
0.206897
0.178161
0.206897
0.218391
0.155172
0.235632
0.195402
0.172414
0.212644
0.218391
0.189655
0.149425
0.235632
0.212644
0.149425
0.189655
0.172414
0.166667
0.247126
0.166667
0.189655
0.189655
0.252874
0.224138
0.201149
0.166667
0.189655
0.178161
0.201149
0.206897
0.224138
0.252874
0.183908
0.172414
0.201149
0.235632
0.183908
0.212644
0.218391
0.160920
0.218391
0.155172
0.178161
0.172414
0.172414
0.183908
0.178161
0.235632
0.183908
0.229885
0.229885
0.206897
0.201149
0.183908
0.224138
0.258621
0.201149
0.212644
0.189655
0.201149
0.206897
0.178161
0.212644
0.206897
0.183908
0.201149
0.160920
0.178161
0.155172
0.189655
0.178161
0.183908
0.166667
0.178161
0.149425
0.166667
0.172414
0.206897
0.172414
0.160920
0.258621
0.212644
0.206897
0.166667
0.155172
0.183908
0.252874
0.183908
0.247126
0.235632
0.178161
0.160920
0.149425
0.189655
0.172414
0.212644
0.166667
0.178161
0.195402
0.206897
0.252874
0.166667
0.183908
0.206897
0.178161
0.183908
0.183908
0.201149
0.212644
0.166667
0.149425
0.195402
0.212644
0.264368
0.206897
0.247126
0.178161
0.235632
0.189655
0.252874
0.178161
0.155172
0.155172
0.206897
0.195402
0.155172
0.166667
0.241379
0.183908
0.183908
0.178161
0.235632
0.178161
0.183908
0.183908
0.183908
0.172414
0.247126
0.218391
0.252874
0.166667
0.189655
0.218391
0.247126
0.206897
0.206897
0.224138
0.172414
0.143678
0.166667
0.218391
0.178161
0.195402
0.218391
0.241379
0.212644
0.229885
0.160920
0.143678
0.172414
0.160920
0.212644
0.160920
0.247126
0.178161
0.183908
0.304598
0.212644
0.189655
0.206897
0.160920
0.166667
0.183908
0.155172
0.201149
0.166667
0.224138
0.235632
0.155172
0.229885
0.189655
0.178161
0.224138
0.178161
0.160920
0.212644
0.178161
0.189655
0.201149
0.212644
0.206897
0.178161
0.172414
0.155172
0.172414
0.264368
0.137931
0.218391
0.247126
0.160920
0.195402
0.270115
0.218391
0.155172
0.166667
0.189655
0.178161
0.201149
0.241379
0.224138
0.166667
0.183908
0.178161
0.189655
0.166667
0.212644
0.218391
0.183908
0.183908
0.212644
0.189655
0.160920
0.189655
0.166667
0.195402
0.195402
0.149425
0.166667
0.172414
0.166667
0.189655
0.160920
0.178161
0.189655
0.166667
0.189655
0.235632
0.195402
0.178161
0.201149
0.172414
0.201149
0.218391
0.201149
0.189655
0.247126
0.155172
0.166667
0.189655
0.160920
0.218391
0.224138
0.189655
0.160920
0.183908
0.189655
0.206897
0.201149
0.137931
0.224138
0.206897
0.166667
0.172414
0.178161
0.247126
0.172414
0.178161
