0.335052
0.221649
0.335052
0.335052
0.881443
0.432990
0.335052
0.742268
0.335052
0.211340
0.335052
0.664948
0.664948
0.154639
0.206186
0.664948
0.335052
0.335052
0.226804
0.175258
0.170103
0.335052
0.664948
0.149485
0.335052
0.335052
0.664948
0.335052
0.381443
0.159794
0.175258
0.757732
0.360825
0.180412
0.231959
0.314433
0.319588
0.335052
0.335052
0.664948
0.664948
0.293814
0.335052
0.670103
0.335052
0.335052
0.335052
0.216495
0.335052
0.664948
0.180412
0.175258
0.819588
0.242268
0.443299
0.664948
0.835052
0.324742
0.211340
0.247423
0.149485
0.170103
0.335052
0.664948
0.664948
0.273196
0.335052
0.402062
0.335052
0.335052
0.664948
0.335052
0.298969
0.335052
0.154639
0.824742
0.829897
0.365979
0.324742
0.324742
0.170103
0.180412
0.335052
0.314433
0.824742
0.335052
0.211340
0.783505
0.335052
0.355670
0.335052
0.335052
0.737113
0.335052
0.216495
0.201031
0.335052
0.335052
0.180412
0.190722
0.211340
0.154639
0.335052
0.798969
0.664948
0.335052
0.211340
0.664948
0.335052
0.335052
0.335052
0.159794
0.664948
0.185567
0.185567
0.335052
0.159794
0.335052
0.335052
0.335052
0.335052
0.335052
0.335052
0.664948
0.335052
0.381443
0.664948
0.335052
0.711340
0.376289
0.335052
0.335052
0.175258
0.175258
0.335052
0.335052
0.170103
0.175258
0.231959
0.335052
0.335052
0.159794
0.190722
0.164948
0.170103
0.335052
0.335052
0.237113
0.206186
0.335052
0.335052
0.536082
0.237113
0.180412
0.159794
0.335052
0.654639
0.164948
0.201031
0.371134
0.335052
0.664948
0.273196
0.335052
0.242268
0.185567
0.469072
0.654639
0.592784
0.335052
0.335052
0.335052
0.335052
0.159794
0.180412
0.159794
0.335052
0.149485
0.335052
0.335052
0.335052
0.402062
0.335052
0.500000
0.494845
0.335052
0.164948
0.824742
0.170103
0.226804
0.257732
0.180412
0.381443
0.180412
0.664948
0.335052
0.335052
0.335052
0.335052
0.335052
0.664948
0.335052
0.396907
0.226804
0.262887
0.788660
0.350515
0.324742
0.546392
0.788660
0.149485
0.335052
0.335052
0.314433
0.335052
0.329897
0.541237
0.185567
0.500000
0.247423
0.288660
0.329897
0.664948
0.180412
0.335052
0.335052
0.515464
0.639175
0.335052
0.577320
0.304124
0.664948
0.180412
0.195876
0.335052
0.252577
0.664948
0.608247
0.664948
0.164948
0.180412
0.335052
0.335052
0.556701
0.391753
0.185567
0.335052
0.175258
0.170103
0.829897
0.159794
0.335052
0.335052
0.335052
0.335052
0.335052
0.170103
0.175258
0.335052
0.335052
0.664948
0.190722
0.664948
0.180412
0.190722
0.381443
0.335052
0.335052
0.335052
0.335052
0.293814
0.154639
0.335052
0.164948
0.185567
0.144330
0.335052
0.237113
0.335052
0.340206
0.335052
0.335052
0.335052
0.185567
0.335052
0.335052
0.664948
0.180412
0.335052
0.231959
0.804124
0.298969
0.551546
0.608247
0.773196
0.335052
0.335052
0.159794
0.170103
0.335052
