0.149425
0.172414
0.160920
0.212644
0.235632
0.189655
0.201149
0.155172
0.212644
0.195402
0.166667
0.183908
0.206897
0.189655
0.183908
0.195402
0.212644
0.201149
0.189655
0.195402
0.189655
0.178161
0.206897
0.212644
0.166667
0.155172
0.201149
0.241379
0.201149
0.155172
0.195402
0.201149
0.189655
0.183908
0.178161
0.189655
0.218391
0.206897
0.183908
0.189655
0.172414
0.206897
0.252874
0.229885
0.183908
0.160920
0.229885
0.172414
0.143678
0.166667
0.218391
0.189655
0.172414
0.212644
0.206897
0.212644
0.212644
0.241379
0.201149
0.195402
0.218391
0.195402
0.195402
0.195402
0.224138
0.160920
0.160920
0.252874
0.206897
0.229885
0.218391
0.178161
0.252874
0.264368
0.212644
0.206897
0.195402
0.224138
0.258621
0.195402
0.247126
0.201149
0.166667
0.195402
0.201149
0.183908
0.195402
0.189655
0.195402
0.229885
0.155172
0.252874
0.126437
0.206897
0.155172
0.178161
0.178161
0.172414
0.258621
0.178161
0.189655
0.218391
0.166667
0.166667
0.235632
0.195402
0.206897
0.206897
0.195402
0.183908
0.218391
0.275862
0.212644
0.189655
0.183908
0.224138
0.183908
0.166667
0.281609
0.206897
0.183908
0.206897
0.189655
0.137931
0.206897
0.224138
0.183908
0.160920
0.258621
0.252874
0.241379
0.178161
0.183908
0.229885
0.189655
0.172414
0.275862
0.183908
0.195402
0.235632
0.252874
0.172414
0.224138
0.252874
0.172414
0.212644
0.183908
0.183908
0.206897
0.247126
0.183908
0.218391
0.195402
0.206897
0.195402
0.183908
0.201149
0.218391
0.229885
0.224138
0.155172
0.149425
0.224138
0.149425
0.155172
0.224138
0.183908
0.229885
0.189655
0.218391
0.195402
0.183908
0.183908
0.218391
0.241379
0.183908
0.155172
0.172414
0.206897
0.166667
0.189655
0.183908
0.166667
0.166667
0.247126
0.201149
0.247126
0.252874
0.218391
0.195402
0.183908
0.183908
0.178161
0.183908
0.258621
0.160920
0.201149
0.201149
0.206897
0.235632
0.178161
0.178161
0.143678
0.258621
0.212644
0.172414
0.218391
0.206897
0.189655
0.206897
0.189655
0.183908
0.149425
0.229885
0.258621
0.178161
0.160920
0.281609
0.206897
0.206897
0.241379
0.224138
0.172414
0.270115
0.252874
0.189655
0.218391
0.160920
0.178161
0.183908
0.201149
0.229885
0.224138
0.218391
0.218391
0.183908
0.166667
0.166667
0.166667
0.229885
0.143678
0.229885
0.143678
0.189655
0.201149
0.160920
0.224138
0.201149
0.183908
0.155172
0.183908
0.212644
0.229885
0.155172
0.155172
0.155172
0.172414
0.178161
0.206897
0.183908
0.235632
0.178161
0.212644
0.218391
0.160920
0.235632
0.189655
0.201149
0.201149
0.224138
0.137931
0.195402
0.201149
0.166667
0.195402
0.281609
0.247126
0.264368
0.195402
0.212644
0.109195
0.206897
0.224138
0.235632
0.229885
0.201149
0.218391
0.183908
0.247126
0.189655
0.160920
0.189655
0.224138
0.172414
0.183908
0.218391
0.195402
0.189655
0.235632
0.183908
