0.333333
0.333333
0.333333
0.666667
0.333333
0.333333
0.333333
0.333333
0.333333
0.333333
0.666667
0.333333
0.333333
0.333333
0.333333
0.281609
0.333333
0.333333
0.333333
0.333333
0.333333
0.333333
0.333333
0.333333
0.333333
0.333333
0.666667
0.333333
0.333333
0.333333
0.333333
0.333333
0.333333
0.333333
0.333333
0.333333
0.333333
0.333333
0.666667
0.333333
0.333333
0.666667
0.333333
0.333333
0.333333
0.333333
0.333333
0.333333
0.333333
0.333333
0.505747
0.333333
0.666667
0.333333
0.333333
0.212644
0.333333
0.666667
0.333333
0.333333
0.201149
0.666667
0.333333
0.333333
0.333333
0.333333
0.333333
0.666667
0.333333
0.333333
0.729885
0.333333
0.333333
0.333333
0.333333
0.333333
0.649425
0.333333
0.333333
0.333333
0.333333
0.666667
0.333333
0.333333
0.666667
0.666667
0.333333
0.333333
0.333333
0.333333
0.333333
0.333333
0.333333
0.333333
0.333333
0.333333
0.333333
0.333333
0.333333
0.333333
0.666667
0.333333
0.333333
0.333333
0.333333
0.333333
0.666667
0.333333
0.333333
0.333333
0.333333
0.666667
0.333333
0.333333
0.333333
0.333333
0.333333
0.333333
0.666667
0.666667
0.666667
0.339080
0.333333
0.333333
0.333333
0.333333
0.333333
0.333333
0.333333
0.333333
0.333333
0.160920
0.333333
0.333333
0.333333
0.333333
0.333333
0.333333
0.333333
0.333333
0.333333
0.344828
0.333333
0.333333
0.333333
0.666667
0.333333
0.333333
0.195402
0.333333
0.333333
0.333333
0.333333
0.333333
0.333333
0.333333
0.333333
0.655172
0.545977
0.333333
0.333333
0.333333
0.333333
0.333333
0.333333
0.333333
0.333333
0.333333
0.333333
0.333333
0.333333
0.333333
0.333333
0.333333
0.333333
0.666667
0.333333
0.333333
0.333333
0.333333
0.333333
0.333333
0.333333
0.333333
0.333333
0.333333
0.333333
0.333333
0.333333
0.333333
0.333333
0.333333
0.333333
0.333333
0.333333
0.333333
0.333333
0.333333
0.235632
0.666667
0.666667
0.333333
0.666667
0.333333
0.666667
0.333333
0.333333
0.333333
0.333333
0.333333
0.333333
0.333333
0.333333
0.333333
0.333333
0.333333
0.333333
0.333333
0.270115
0.666667
0.666667
0.333333
0.333333
0.333333
0.333333
0.333333
0.333333
0.333333
0.666667
0.333333
0.333333
0.333333
0.333333
0.333333
0.333333
0.666667
0.666667
0.333333
0.333333
0.333333
0.333333
0.666667
0.333333
0.172414
0.333333
0.333333
0.333333
0.333333
0.333333
0.666667
0.333333
0.310345
0.333333
0.333333
0.333333
0.333333
0.333333
0.333333
0.333333
0.333333
0.333333
0.333333
0.666667
0.333333
0.597701
0.333333
0.333333
0.333333
0.333333
0.333333
0.333333
0.666667
0.666667
0.333333
0.212644
0.333333
0.333333
0.333333
0.333333
0.666667
0.333333
0.333333
0.333333
0.333333
0.350575
0.333333
0.333333
0.333333
0.333333
0.333333
0.333333
0.333333
0.666667
0.333333
0.333333
0.333333
0.333333
0.666667
0.333333
0.333333
