0.272727
0.240260
0.253247
0.305195
0.272727
0.298701
0.298701
0.246753
0.253247
0.233766
0.337662
0.253247
0.279221
0.292208
0.253247
0.266234
0.220779
0.246753
0.259740
0.292208
0.233766
0.298701
0.240260
0.337662
0.201299
0.285714
0.318182
0.253247
0.318182
0.246753
0.233766
0.357143
0.266234
0.194805
0.279221
0.233766
0.188312
0.194805
0.246753
0.305195
0.233766
0.298701
0.337662
0.246753
0.266234
0.311688
0.370130
0.207792
0.220779
0.240260
0.227273
0.246753
0.259740
0.259740
0.370130
0.272727
0.324675
0.201299
0.285714
0.285714
0.279221
0.272727
0.253247
0.240260
0.298701
0.350649
0.318182
0.305195
0.253247
0.298701
0.246753
0.318182
0.253247
0.266234
0.259740
0.220779
0.272727
0.246753
0.311688
0.227273
0.220779
0.253247
0.279221
0.240260
0.259740
0.259740
0.285714
0.331169
0.272727
0.227273
0.311688
0.272727
0.259740
0.246753
0.292208
0.259740
0.266234
0.318182
0.272727
0.246753
0.246753
0.298701
0.233766
0.318182
0.311688
0.350649
0.246753
0.285714
0.246753
0.292208
0.227273
0.240260
0.376623
0.272727
0.305195
0.253247
0.292208
0.279221
0.285714
0.188312
0.318182
0.272727
0.279221
0.318182
0.324675
0.227273
0.220779
0.253247
0.253247
0.311688
0.337662
0.298701
0.331169
0.285714
0.318182
0.253247
0.220779
0.240260
0.240260
0.363636
0.220779
0.272727
0.337662
0.259740
0.305195
0.305195
0.227273
0.214286
0.279221
0.279221
0.305195
0.253247
0.246753
0.272727
0.214286
0.292208
0.240260
0.337662
0.240260
0.233766
0.220779
0.214286
0.253247
0.240260
0.266234
0.214286
0.233766
0.240260
0.259740
0.233766
0.285714
0.214286
0.233766
0.285714
0.259740
0.279221
0.253247
0.311688
0.220779
0.214286
0.285714
0.370130
0.259740
0.214286
0.246753
0.240260
0.214286
0.246753
0.305195
0.279221
0.240260
0.259740
0.246753
0.233766
0.246753
0.168831
0.272727
0.285714
0.220779
0.357143
0.279221
0.246753
0.279221
0.305195
0.253247
0.298701
0.227273
0.298701
0.298701
0.259740
0.246753
0.253247
0.240260
0.253247
0.292208
0.181818
0.253247
0.305195
0.272727
0.240260
0.253247
0.259740
0.220779
0.311688
0.246753
0.233766
0.220779
0.298701
0.240260
0.311688
0.292208
0.292208
0.240260
0.285714
0.220779
0.305195
0.272727
0.259740
0.292208
0.292208
0.298701
0.259740
0.279221
0.305195
0.214286
0.266234
0.259740
0.331169
0.246753
0.298701
0.331169
0.227273
0.409091
0.168831
0.298701
0.253247
0.318182
0.233766
0.272727
0.311688
0.331169
0.246753
0.188312
0.298701
0.214286
0.337662
0.207792
0.298701
0.253247
0.285714
0.227273
0.285714
0.305195
0.272727
0.233766
0.259740
0.272727
0.324675
0.266234
0.266234
0.279221
0.298701
0.305195
0.279221
0.233766
0.227273
0.253247
0.207792
0.266234
0.266234
0.318182
0.266234
0.227273
0.272727
0.233766
0.298701
0.266234
0.279221
0.337662
0.201299
