0.500000
0.379310
0.626437
0.224138
0.166667
0.241379
0.183908
0.258621
0.241379
0.201149
0.333333
0.166667
0.206897
0.729885
0.206897
0.683908
0.477011
0.143678
0.241379
0.155172
0.689655
0.431034
0.620690
0.333333
0.206897
0.454023
0.247126
0.373563
0.281609
0.155172
0.701149
0.258621
0.327586
0.293103
0.172414
0.666667
0.275862
0.540230
0.620690
0.201149
0.689655
0.333333
0.591954
0.568966
0.166667
0.758621
0.275862
0.379310
0.643678
0.178161
0.333333
0.252874
0.770115
0.178161
0.212644
0.293103
0.505747
0.339080
0.270115
0.212644
0.189655
0.465517
0.678161
0.494253
0.287356
0.229885
0.620690
0.218391
0.327586
0.172414
0.522989
0.310345
0.408046
0.465517
0.149425
0.614943
0.373563
0.178161
0.310345
0.172414
0.252874
0.172414
0.258621
0.206897
0.229885
0.235632
0.166667
0.258621
0.229885
0.224138
0.275862
0.189655
0.178161
0.178161
0.166667
0.568966
0.195402
0.810345
0.160920
0.166667
0.189655
0.155172
0.172414
0.166667
0.212644
0.178161
0.195402
0.160920
0.172414
0.126437
0.189655
0.160920
0.195402
0.293103
0.218391
0.706897
0.488506
0.304598
0.178161
0.241379
0.160920
0.195402
0.218391
0.172414
0.183908
0.143678
0.166667
0.172414
0.195402
0.172414
0.189655
0.166667
0.189655
0.270115
0.178161
0.293103
0.402299
0.517241
0.195402
0.212644
0.195402
0.224138
0.195402
0.166667
0.218391
0.201149
0.275862
0.224138
0.212644
0.201149
0.241379
0.206897
0.241379
0.195402
0.160920
0.465517
0.465517
0.821839
0.143678
0.224138
0.252874
0.183908
0.155172
0.183908
0.270115
0.189655
0.183908
0.183908
0.166667
0.183908
0.264368
0.229885
0.275862
0.172414
0.206897
0.201149
0.229885
0.189655
0.218391
0.189655
0.201149
0.183908
0.189655
0.178161
0.183908
0.212644
0.155172
0.252874
0.229885
0.178161
0.178161
0.137931
0.172414
0.172414
0.379310
0.321839
0.568966
0.373563
0.718391
0.298851
0.201149
0.172414
0.224138
0.189655
0.149425
0.166667
0.218391
0.206897
0.137931
0.201149
0.206897
0.195402
0.201149
0.201149
0.172414
0.206897
0.137931
0.178161
0.206897
0.178161
0.442529
0.178161
0.195402
0.224138
0.218391
0.224138
0.143678
0.178161
0.310345
0.143678
0.149425
0.293103
0.195402
0.206897
0.304598
0.454023
0.666667
0.385057
0.206897
0.212644
0.195402
0.183908
0.235632
0.183908
0.252874
0.178161
0.178161
0.149425
0.189655
0.201149
0.183908
0.189655
0.183908
0.212644
0.189655
0.189655
0.155172
0.178161
0.264368
0.172414
0.201149
0.224138
0.172414
0.166667
0.160920
0.155172
0.172414
0.178161
0.206897
0.206897
0.172414
0.270115
0.189655
0.178161
0.270115
0.206897
0.166667
0.218391
0.195402
0.666667
0.522989
0.143678
0.212644
0.206897
0.252874
0.178161
0.189655
0.189655
0.160920
0.235632
0.155172
0.201149
0.224138
0.189655
0.166667
0.189655
0.218391
0.206897
0.189655
0.172414
