0.668831
0.480519
0.220779
0.590909
0.168831
0.746753
0.649351
0.181818
0.370130
0.246753
0.233766
0.175325
0.668831
0.668831
0.155844
0.577922
0.168831
0.214286
0.610390
0.168831
0.181818
0.662338
0.655844
0.162338
0.331169
0.746753
0.142857
0.480519
0.240260
0.662338
0.240260
0.175325
0.681818
0.266234
0.662338
0.305195
0.149351
0.168831
0.714286
0.519481
0.798701
0.175325
0.188312
0.194805
0.207792
0.259740
0.422078
0.818182
0.688312
0.474026
0.525974
0.331169
0.662338
0.474026
0.253247
0.818182
0.207792
0.168831
0.331169
0.668831
0.558442
0.435065
0.162338
0.168831
0.292208
0.584416
0.168831
0.655844
0.331169
0.668831
0.331169
0.538961
0.194805
0.149351
0.194805
0.357143
0.331169
0.220779
0.506494
0.441558
0.694805
0.201299
0.461039
0.188312
0.422078
0.207792
0.240260
0.740260
0.331169
0.681818
0.525974
0.779221
0.564935
0.246753
0.298701
0.292208
0.142857
0.201299
0.194805
0.331169
0.162338
0.318182
0.603896
0.493506
0.448052
0.603896
0.142857
0.292208
0.155844
0.266234
0.207792
0.175325
0.331169
0.181818
0.188312
0.220779
0.168831
0.188312
0.727273
0.214286
0.266234
0.577922
0.798701
0.331169
0.181818
0.331169
0.415584
0.162338
0.448052
0.668831
0.168831
0.220779
0.253247
0.194805
0.623377
0.201299
0.272727
0.155844
0.168831
0.181818
0.149351
0.792208
0.220779
0.194805
0.259740
0.233766
0.409091
0.454545
0.785714
0.454545
0.272727
0.331169
0.350649
0.201299
0.194805
0.259740
0.512987
0.201299
0.168831
0.168831
0.162338
0.168831
0.422078
0.500000
0.545455
0.233766
0.149351
0.155844
0.668831
0.240260
0.571429
0.668831
0.668831
0.714286
0.564935
0.162338
0.201299
0.181818
0.194805
0.201299
0.181818
0.389610
0.662338
0.175325
0.266234
0.188312
0.201299
0.344156
0.259740
0.149351
0.168831
0.668831
0.155844
0.370130
0.551948
0.597403
0.733766
0.396104
0.811688
0.175325
0.194805
0.188312
0.227273
0.142857
0.188312
0.181818
0.175325
0.201299
0.493506
0.149351
0.811688
0.201299
0.220779
0.181818
0.175325
0.181818
0.181818
0.207792
0.480519
0.168831
0.181818
0.441558
0.727273
0.246753
0.207792
0.246753
0.207792
0.162338
0.168831
0.175325
0.603896
0.194805
0.194805
0.155844
0.240260
0.162338
0.194805
0.331169
0.337662
0.727273
0.694805
0.688312
0.740260
0.201299
0.454545
0.233766
0.616883
0.188312
0.409091
0.240260
0.227273
0.233766
0.240260
0.149351
0.194805
0.188312
0.357143
0.207792
0.240260
0.227273
0.155844
0.337662
0.461039
0.558442
0.500000
0.357143
0.480519
0.162338
0.136364
0.467532
0.181818
0.233766
0.175325
0.220779
0.181818
0.214286
0.175325
0.227273
0.162338
0.253247
0.168831
0.207792
0.357143
0.603896
0.720779
0.545455
0.610390
0.629870
0.461039
0.227273
0.785714
0.357143
0.220779
0.168831
0.253247
0.194805
0.155844
0.279221
0.201299
0.201299
