0.331169
0.331169
0.331169
0.331169
0.331169
0.331169
0.181818
0.331169
0.162338
0.194805
0.318182
0.331169
0.194805
0.818182
0.181818
0.331169
0.181818
0.668831
0.668831
0.493506
0.668831
0.181818
0.837662
0.331169
0.194805
0.363636
0.149351
0.162338
0.168831
0.266234
0.149351
0.175325
0.181818
0.376623
0.142857
0.331169
0.155844
0.181818
0.181818
0.175325
0.324675
0.331169
0.188312
0.149351
0.584416
0.668831
0.175325
0.227273
0.480519
0.155844
0.181818
0.331169
0.168831
0.331169
0.136364
0.331169
0.331169
0.149351
0.188312
0.149351
0.155844
0.188312
0.123377
0.350649
0.181818
0.824675
0.694805
0.142857
0.435065
0.175325
0.571429
0.733766
0.435065
0.168831
0.155844
0.142857
0.162338
0.194805
0.168831
0.155844
0.597403
0.331169
0.798701
0.538961
0.318182
0.155844
0.142857
0.331169
0.233766
0.168831
0.162338
0.331169
0.558442
0.590909
0.331169
0.422078
0.175325
0.331169
0.331169
0.331169
0.331169
0.207792
0.623377
0.201299
0.168831
0.331169
0.168831
0.149351
0.344156
0.285714
0.331169
0.155844
0.168831
0.831169
0.175325
0.175325
0.487013
0.136364
0.142857
0.175325
0.331169
0.155844
0.824675
0.409091
0.155844
0.337662
0.603896
0.155844
0.402597
0.155844
0.662338
0.136364
0.331169
0.831169
0.175325
0.181818
0.311688
0.331169
0.792208
0.357143
0.610390
0.610390
0.162338
0.175325
0.181818
0.331169
0.149351
0.162338
0.194805
0.168831
0.584416
0.168831
0.168831
0.155844
0.331169
0.655844
0.551948
0.331169
0.331169
0.331169
0.168831
0.168831
0.188312
0.701299
0.551948
0.370130
0.681818
0.331169
0.422078
0.331169
0.331169
0.155844
0.668831
0.331169
0.142857
0.123377
0.162338
0.331169
0.149351
0.512987
0.818182
0.168831
0.259740
0.331169
0.311688
0.194805
0.149351
0.214286
0.532468
0.194805
0.311688
0.331169
0.175325
0.142857
0.538961
0.155844
0.331169
0.344156
0.331169
0.155844
0.168831
0.207792
0.149351
0.331169
0.467532
0.331169
0.331169
0.162338
0.149351
0.318182
0.636364
0.175325
0.168831
0.331169
0.136364
0.155844
0.162338
0.175325
0.331169
0.142857
0.155844
0.181818
0.188312
0.175325
0.331169
0.168831
0.487013
0.162338
0.149351
0.168831
0.155844
0.181818
0.590909
0.162338
0.162338
0.188312
0.188312
0.253247
0.168831
0.175325
0.168831
0.298701
0.149351
0.142857
0.331169
0.168831
0.207792
0.181818
0.194805
0.188312
0.844156
0.331169
0.577922
0.175325
0.396104
0.149351
0.162338
0.155844
0.435065
0.136364
0.389610
0.175325
0.181818
0.331169
0.253247
0.175325
0.331169
0.155844
0.448052
0.331169
0.668831
0.175325
0.461039
0.480519
0.175325
0.519481
0.175325
0.175325
0.149351
0.357143
0.162338
0.331169
0.207792
0.740260
0.571429
0.331169
0.331169
0.175325
0.162338
0.136364
0.168831
0.331169
0.493506
0.168831
0.818182
0.162338
0.181818
0.181818
0.162338
0.331169
