0.335052
0.190722
0.154639
0.345361
0.175258
0.170103
0.231959
0.170103
0.365979
0.226804
0.154639
0.335052
0.195876
0.448454
0.180412
0.175258
0.340206
0.618557
0.180412
0.221649
0.211340
0.675258
0.391753
0.170103
0.309278
0.201031
0.273196
0.453608
0.340206
0.268041
0.206186
0.675258
0.262887
0.257732
0.221649
0.206186
0.592784
0.469072
0.154639
0.180412
0.793814
0.242268
0.242268
0.154639
0.221649
0.319588
0.561856
0.680412
0.170103
0.211340
0.221649
0.231959
0.180412
0.185567
0.268041
0.335052
0.190722
0.365979
0.273196
0.216495
0.195876
0.211340
0.510309
0.185567
0.278351
0.340206
0.422680
0.494845
0.216495
0.154639
0.335052
0.850515
0.324742
0.237113
0.180412
0.355670
0.608247
0.561856
0.164948
0.206186
0.170103
0.252577
0.180412
0.273196
0.159794
0.185567
0.206186
0.283505
0.206186
0.252577
0.216495
0.201031
0.247423
0.185567
0.175258
0.463918
0.371134
0.237113
0.195876
0.164948
0.242268
0.185567
0.195876
0.345361
0.175258
0.185567
0.257732
0.335052
0.195876
0.247423
0.268041
0.195876
0.175258
0.242268
0.164948
0.494845
0.216495
0.201031
0.231959
0.170103
0.201031
0.231959
0.180412
0.201031
0.231959
0.170103
0.216495
0.175258
0.195876
0.221649
0.195876
0.211340
0.190722
0.159794
0.185567
0.664948
0.376289
0.664948
0.185567
0.221649
0.231959
0.190722
0.206186
0.170103
0.180412
0.350515
0.195876
0.237113
0.268041
0.226804
0.262887
0.268041
0.237113
0.242268
0.190722
0.350515
0.226804
0.226804
0.247423
0.257732
0.293814
0.190722
0.185567
0.242268
0.226804
0.180412
0.211340
0.175258
0.226804
0.175258
0.268041
0.180412
0.226804
0.175258
0.206186
0.211340
0.314433
0.221649
0.273196
0.159794
0.190722
0.195876
0.262887
0.185567
0.206186
0.231959
0.216495
0.201031
0.175258
0.185567
0.164948
0.268041
0.278351
0.175258
0.206186
0.335052
0.474227
0.376289
0.211340
0.231959
0.206186
0.144330
0.242268
0.190722
0.175258
0.206186
0.170103
0.180412
0.242268
0.195876
0.298969
0.175258
0.195876
0.458763
0.319588
0.206186
0.201031
0.226804
0.180412
0.159794
0.262887
0.185567
0.216495
0.211340
0.195876
0.211340
0.252577
0.293814
0.201031
0.180412
0.206186
0.242268
0.195876
0.211340
0.278351
0.180412
0.412371
0.335052
0.237113
0.304124
0.170103
0.170103
0.206186
0.257732
0.216495
0.195876
0.211340
0.206186
0.201031
0.237113
0.175258
0.164948
0.278351
0.231959
0.185567
0.201031
0.226804
0.283505
0.407216
0.252577
0.247423
0.304124
0.195876
0.231959
0.190722
0.226804
0.226804
0.226804
0.309278
0.242268
0.195876
0.288660
0.175258
0.195876
0.180412
0.195876
0.314433
0.159794
0.190722
0.319588
0.206186
0.185567
0.242268
0.170103
0.154639
0.175258
0.149485
0.149485
0.237113
0.231959
0.201031
0.164948
0.298969
0.195876
0.211340
0.185567
0.216495
0.257732
0.206186
0.448454
