0.160920
0.235632
0.172414
0.178161
0.201149
0.189655
0.195402
0.212644
0.172414
0.166667
0.195402
0.195402
0.172414
0.189655
0.160920
0.224138
0.252874
0.212644
0.178161
0.201149
0.241379
0.189655
0.160920
0.183908
0.178161
0.166667
0.212644
0.195402
0.166667
0.160920
0.195402
0.195402
0.172414
0.160920
0.160920
0.149425
0.166667
0.252874
0.224138
0.235632
0.206897
0.235632
0.155172
0.189655
0.172414
0.178161
0.178161
0.172414
0.258621
0.201149
0.195402
0.189655
0.183908
0.160920
0.224138
0.189655
0.264368
0.189655
0.224138
0.241379
0.229885
0.183908
0.155172
0.160920
0.172414
0.206897
0.229885
0.206897
0.166667
0.206897
0.252874
0.149425
0.252874
0.160920
0.195402
0.166667
0.252874
0.206897
0.212644
0.218391
0.143678
0.132184
0.264368
0.172414
0.172414
0.195402
0.212644
0.195402
0.195402
0.178161
0.201149
0.189655
0.229885
0.178161
0.155172
0.183908
0.195402
0.218391
0.201149
0.155172
0.172414
0.201149
0.172414
0.241379
0.172414
0.201149
0.172414
0.137931
0.206897
0.206897
0.247126
0.195402
0.178161
0.172414
0.195402
0.206897
0.166667
0.166667
0.178161
0.189655
0.155172
0.212644
0.310345
0.218391
0.201149
0.178161
0.172414
0.229885
0.155172
0.206897
0.183908
0.183908
0.206897
0.189655
0.195402
0.235632
0.235632
0.166667
0.172414
0.172414
0.201149
0.189655
0.218391
0.189655
0.189655
0.172414
0.212644
0.178161
0.155172
0.178161
0.195402
0.270115
0.183908
0.178161
0.160920
0.143678
0.183908
0.275862
0.195402
0.195402
0.252874
0.195402
0.166667
0.189655
0.155172
0.195402
0.137931
0.183908
0.166667
0.258621
0.178161
0.195402
0.172414
0.206897
0.247126
0.160920
0.183908
0.137931
0.166667
0.178161
0.155172
0.183908
0.172414
0.160920
0.218391
0.235632
0.201149
0.172414
0.172414
0.183908
0.201149
0.160920
0.149425
0.218391
0.189655
0.178161
0.160920
0.172414
0.252874
0.189655
0.201149
0.160920
0.149425
0.195402
0.201149
0.160920
0.189655
0.160920
0.206897
0.212644
0.201149
0.166667
0.178161
0.206897
0.183908
0.160920
0.149425
0.160920
0.189655
0.178161
0.218391
0.149425
0.172414
0.218391
0.178161
0.206897
0.206897
0.201149
0.178161
0.258621
0.166667
0.201149
0.155172
0.298851
0.183908
0.166667
0.160920
0.201149
0.201149
0.189655
0.206897
0.189655
0.172414
0.189655
0.172414
0.195402
0.166667
0.155172
0.132184
0.166667
0.195402
0.218391
0.212644
0.206897
0.149425
0.172414
0.183908
0.247126
0.166667
0.160920
0.172414
0.160920
0.229885
0.241379
0.166667
0.172414
0.241379
0.270115
0.195402
0.155172
0.183908
0.155172
0.155172
0.166667
0.235632
0.189655
0.172414
0.172414
0.149425
0.206897
0.235632
0.183908
0.183908
0.126437
0.183908
0.183908
0.178161
0.195402
0.201149
0.201149
0.172414
0.183908
0.218391
0.195402
0.201149
0.166667
0.178161
0.206897
0.183908
0.189655
