0.166667
0.178161
0.160920
0.229885
0.183908
0.195402
0.160920
0.195402
0.178161
0.218391
0.172414
0.195402
0.195402
0.229885
0.316092
0.206897
0.281609
0.229885
0.178161
0.235632
0.189655
0.160920
0.166667
0.178161
0.224138
0.178161
0.201149
0.178161
0.132184
0.218391
0.201149
0.201149
0.218391
0.206897
0.218391
0.316092
0.160920
0.235632
0.201149
0.195402
0.183908
0.172414
0.114943
0.183908
0.224138
0.252874
0.206897
0.166667
0.189655
0.218391
0.166667
0.218391
0.241379
0.212644
0.189655
0.178161
0.241379
0.247126
0.218391
0.241379
0.218391
0.224138
0.218391
0.178161
0.235632
0.293103
0.212644
0.247126
0.155172
0.218391
0.206897
0.149425
0.166667
0.189655
0.212644
0.172414
0.212644
0.132184
0.298851
0.183908
0.218391
0.195402
0.252874
0.218391
0.195402
0.189655
0.281609
0.206897
0.183908
0.235632
0.189655
0.235632
0.155172
0.201149
0.178161
0.201149
0.252874
0.229885
0.224138
0.160920
0.189655
0.201149
0.241379
0.252874
0.241379
0.178161
0.183908
0.195402
0.189655
0.172414
0.206897
0.195402
0.206897
0.160920
0.229885
0.201149
0.172414
0.206897
0.298851
0.252874
0.183908
0.178161
0.218391
0.247126
0.229885
0.218391
0.218391
0.218391
0.195402
0.235632
0.218391
0.166667
0.201149
0.201149
0.258621
0.166667
0.172414
0.201149
0.247126
0.160920
0.189655
0.241379
0.206897
0.224138
0.212644
0.183908
0.201149
0.195402
0.166667
0.206897
0.178161
0.258621
0.195402
0.189655
0.201149
0.247126
0.206897
0.178161
0.160920
0.160920
0.195402
0.224138
0.160920
0.178161
0.206897
0.218391
0.241379
0.201149
0.201149
0.224138
0.195402
0.160920
0.195402
0.183908
0.235632
0.201149
0.189655
0.224138
0.166667
0.189655
0.212644
0.241379
0.189655
0.166667
0.218391
0.166667
0.201149
0.178161
0.275862
0.189655
0.304598
0.206897
0.206897
0.247126
0.178161
0.258621
0.206897
0.178161
0.201149
0.149425
0.160920
0.235632
0.206897
0.218391
0.218391
0.183908
0.195402
0.183908
0.293103
0.189655
0.149425
0.155172
0.218391
0.137931
0.206897
0.212644
0.189655
0.160920
0.189655
0.224138
0.252874
0.172414
0.241379
0.229885
0.195402
0.247126
0.218391
0.172414
0.247126
0.166667
0.212644
0.189655
0.229885
0.212644
0.201149
0.206897
0.212644
0.160920
0.189655
0.195402
0.195402
0.229885
0.195402
0.270115
0.206897
0.166667
0.241379
0.195402
0.160920
0.235632
0.206897
0.229885
0.247126
0.201149
0.195402
0.229885
0.178161
0.195402
0.218391
0.160920
0.183908
0.189655
0.166667
0.166667
0.229885
0.195402
0.155172
0.229885
0.212644
0.183908
0.189655
0.201149
0.120690
0.247126
0.149425
0.195402
0.195402
0.183908
0.206897
0.235632
0.166667
0.183908
0.201149
0.155172
0.166667
0.195402
0.241379
0.183908
0.218391
0.235632
0.201149
0.178161
0.166667
0.201149
0.178161
0.172414
0.155172
0.172414
0.201149
0.178161
