0.172414
0.706897
0.620690
0.310345
0.224138
0.224138
0.632184
0.396552
0.166667
0.718391
0.235632
0.655172
0.431034
0.666667
0.166667
0.367816
0.241379
0.235632
0.574713
0.333333
0.270115
0.620690
0.293103
0.339080
0.178161
0.160920
0.712644
0.482759
0.160920
0.752874
0.655172
0.557471
0.206897
0.155172
0.201149
0.241379
0.344828
0.247126
0.689655
0.385057
0.212644
0.500000
0.448276
0.431034
0.281609
0.155172
0.517241
0.172414
0.580460
0.201149
0.178161
0.724138
0.339080
0.540230
0.333333
0.229885
0.505747
0.206897
0.235632
0.293103
0.218391
0.172414
0.660920
0.454023
0.275862
0.511494
0.235632
0.695402
0.235632
0.586207
0.287356
0.500000
0.683908
0.178161
0.333333
0.344828
0.505747
0.775862
0.275862
0.287356
0.172414
0.172414
0.339080
0.178161
0.172414
0.327586
0.195402
0.212644
0.189655
0.718391
0.528736
0.178161
0.770115
0.212644
0.540230
0.454023
0.258621
0.741379
0.775862
0.758621
0.333333
0.614943
0.413793
0.252874
0.620690
0.218391
0.166667
0.172414
0.425287
0.235632
0.534483
0.557471
0.758621
0.195402
0.511494
0.201149
0.195402
0.189655
0.235632
0.201149
0.540230
0.666667
0.482759
0.540230
0.281609
0.316092
0.172414
0.614943
0.247126
0.212644
0.224138
0.178161
0.229885
0.201149
0.201149
0.293103
0.241379
0.143678
0.172414
0.201149
0.643678
0.206897
0.229885
0.706897
0.189655
0.183908
0.649425
0.408046
0.482759
0.189655
0.522989
0.298851
0.195402
0.172414
0.178161
0.143678
0.189655
0.310345
0.206897
0.218391
0.264368
0.183908
0.155172
0.396552
0.155172
0.195402
0.666667
0.327586
0.540230
0.695402
0.206897
0.494253
0.178161
0.620690
0.304598
0.545977
0.632184
0.241379
0.333333
0.614943
0.408046
0.166667
0.310345
0.293103
0.229885
0.298851
0.224138
0.436782
0.350575
0.195402
0.224138
0.218391
0.183908
0.258621
0.235632
0.201149
0.189655
0.275862
0.264368
0.143678
0.224138
0.229885
0.120690
0.218391
0.224138
0.402299
0.201149
0.195402
0.310345
0.247126
0.218391
0.166667
0.465517
0.252874
0.235632
0.155172
0.183908
0.155172
0.178161
0.201149
0.212644
0.201149
0.178161
0.224138
0.189655
0.517241
0.327586
0.327586
0.344828
0.252874
0.166667
0.316092
0.189655
0.574713
0.195402
0.201149
0.160920
0.241379
0.235632
0.201149
0.166667
0.201149
0.166667
0.178161
0.195402
0.189655
0.195402
0.160920
0.120690
0.609195
0.235632
0.218391
0.224138
0.235632
0.172414
0.160920
0.224138
0.327586
0.218391
0.201149
0.183908
0.160920
0.494253
0.258621
0.224138
0.195402
0.252874
0.270115
0.195402
0.160920
0.735632
0.419540
0.189655
0.350575
0.321839
0.471264
0.758621
0.160920
0.132184
0.247126
0.270115
0.201149
0.183908
0.160920
0.224138
0.172414
0.172414
0.270115
0.212644
0.172414
0.183908
0.195402
0.241379
0.206897
0.235632
0.183908
0.149425
0.224138
0.172414
0.189655
