0.335821
0.179104
0.358209
0.641791
0.470149
0.432836
0.179104
0.365672
0.791045
0.231343
0.365672
0.283582
0.507463
0.276119
0.335821
0.156716
0.223881
0.164179
0.179104
0.582090
0.641791
0.783582
0.791045
0.208955
0.447761
0.567164
0.664179
0.529851
0.589552
0.194030
0.634328
0.447761
0.686567
0.716418
0.544776
0.216418
0.656716
0.641791
0.537313
0.298507
0.335821
0.194030
0.186567
0.268657
0.432836
0.388060
0.537313
0.432836
0.791045
0.335821
0.432836
0.447761
0.231343
0.201493
0.858209
0.291045
0.246269
0.388060
0.208955
0.582090
0.776119
0.335821
0.388060
0.186567
0.179104
0.171642
0.746269
0.761194
0.582090
0.455224
0.365672
0.716418
0.492537
0.149254
0.261194
0.171642
0.813433
0.335821
0.365672
0.686567
0.343284
0.619403
0.544776
0.567164
0.395522
0.455224
0.641791
0.134328
0.194030
0.194030
0.186567
0.208955
0.164179
0.149254
0.208955
0.440299
0.179104
0.238806
0.253731
0.179104
0.291045
0.664179
0.425373
0.552239
0.365672
0.335821
0.649254
0.492537
0.753731
0.492537
0.134328
0.201493
0.343284
0.671642
0.291045
0.500000
0.365672
0.402985
0.298507
0.171642
0.231343
0.111940
0.440299
0.664179
0.664179
0.246269
0.514925
0.373134
0.582090
0.335821
0.589552
0.611940
0.664179
0.179104
0.291045
0.783582
0.611940
0.305970
0.455224
0.455224
0.335821
0.373134
0.783582
0.559701
0.320896
0.208955
0.186567
0.164179
0.186567
0.201493
0.194030
0.597015
0.477612
0.164179
0.149254
0.141791
0.462687
0.201493
0.634328
0.843284
0.470149
0.567164
0.738806
0.335821
0.223881
0.380597
0.201493
0.537313
0.156716
0.179104
0.164179
0.164179
0.141791
0.343284
0.328358
0.164179
0.201493
0.544776
0.261194
0.134328
0.246269
0.208955
0.462687
0.791045
0.253731
0.358209
0.664179
0.388060
0.604478
0.522388
0.238806
0.164179
0.194030
0.186567
0.171642
0.126866
0.156716
0.179104
0.194030
0.201493
0.343284
0.164179
0.134328
0.171642
0.305970
0.746269
0.380597
0.768657
0.238806
0.664179
0.440299
0.335821
0.350746
0.440299
0.194030
0.283582
0.507463
0.208955
0.201493
0.298507
0.186567
0.171642
0.216418
0.201493
0.194030
0.186567
0.208955
0.626866
0.641791
0.201493
0.634328
0.746269
0.686567
0.529851
0.268657
0.358209
0.746269
0.194030
0.574627
0.201493
0.194030
0.537313
0.164179
0.208955
0.171642
0.343284
0.126866
0.276119
0.223881
0.179104
0.626866
0.238806
0.552239
0.380597
0.828358
0.395522
0.664179
0.373134
0.746269
0.253731
0.149254
0.798507
0.141791
0.223881
0.179104
0.208955
0.194030
0.791045
0.365672
0.388060
0.425373
0.186567
0.171642
0.171642
0.708955
0.447761
0.723881
0.201493
0.335821
0.485075
0.343284
0.783582
0.567164
0.179104
0.492537
0.141791
0.186567
0.186567
0.156716
0.156716
0.552239
0.380597
0.216418
0.223881
0.171642
0.343284
0.611940
0.738806
0.201493
0.402985
